Timestamp,Ax,Ay,Az,P,LPFRMSAcc,LPFPValue,Value,Type
0.0,-0.27123725,-0.14099745,8.758977,1003.1522,0.01821627604690716,3.61134792,0,0
0.02,-1.7305563999999998,2.9669511,9.014062,1003.0994,0.054296039166362914,10.400491929600001,0,0
0.04,-1.1809205,2.4044986,9.335997,1003.1597,0.1061681719125814,19.973312725536,0,0
0.06,-1.3148022,-0.6079643,9.0566635,1003.17255,0.1706833618942847,31.971374435013114,0,0
0.08,-1.0806334,1.6990503,10.519591,1003.0921,0.2493360278399559,46.068896373541044,0,0
0.1,0.68785244,0.9078028,10.841526,1003.1574,0.3405936106994658,61.97098537147957,0,0
0.12,0.9793733,0.92210364,10.865194,1003.25116,0.4427579668268077,79.41067983872072,0,0
0.14,1.2374382,0.54554665,10.164498,1003.2231,0.5527491416593643,98.14611858255564,0,0
0.16,2.518387,0.20235556,11.75052,1003.21045,0.6729286058449676,117.95898384971096,0,0
0.18,2.0355825000000003,0.4645174,11.24867,1003.18787,0.8004758977299458,138.6524555899104,0,0
0.2,1.9495043,0.53601676,10.254441,1003.1781,0.9320187610102376,160.049499539427,0,0
0.22,1.7200263999999998,0.14039363,9.02349,1003.1882,1.0639896567085885,181.99122689487785,0,0
0.24,1.471435,0.6742491,7.5747585000000015,1003.1958,1.1928680239587548,204.33527364933272,0,0
0.26,1.3327763,-0.302894,7.3096285,1003.20325,1.3179067044404094,226.95439807643143,0,0
0.28,1.5512407,0.11659753,6.144836,1003.2337,1.4368211317840889,249.73526190714068,0,0
0.30000000000000004,2.6696098,-0.8081119000000001,6.703486,1003.24603,1.5518122765722238,272.57707195308967,0,0
0.32,1.9955584,-0.5840814000000001,7.1532453999999985,1003.2314,1.6633150425973962,295.39045089065917,0,0
0.34,1.6895521,-1.4801917,6.6324524999999985,1003.2213,1.7704053715340915,318.0965435766891,0,0
0.36000000000000004,2.0288193,-2.5955634,6.608771000000001,1003.2313,1.8740050503975176,340.62613219718907,0,0
0.38,3.6920981,-2.9721193,7.134281,1003.1609,1.9766017903825588,362.91840186635284,0,0
0.4,5.3792763,-3.7395325,7.726073299999999,1003.1888,2.0811949052559493,384.9208247793074,0,0
0.42,7.037762599999999,-3.954025,8.15216,1003.1988,2.189966574155521,406.5879663759882,0,0
0.44,7.62558,-4.692839,7.404114999999999,1003.2265,2.3023422605509647,427.88095141186193,0,0
0.46,8.767861,-4.6404047,5.150530000000002,1003.204,2.4165810005543857,448.7665959644772,0,0
0.48,10.27818,-5.083692,6.8407035,1003.2065,2.536574599621168,469.21713514569603,0,0
0.5,9.513312,-5.9893355,2.7170277,1003.2317,2.657507418489013,489.2096839996963,0,0
0.52,10.435721,-6.399257,1.9879211,1003.2091,2.7805734511837303,508.72549806469215,0,0
0.54,11.276875,-6.3563557,3.119435,1003.2319,2.9069802414166137,527.7498944194896,0,0
0.56,10.392512,-6.65188,0.35453385,1003.2397,3.0338649416002874,546.2716143386783,0,0
0.5800000000000001,10.4449835,-6.4993477,0.913184,1003.2397,3.1606979241098414,564.2824911676545,0,0
0.6,11.114058,-5.712863,1.4907722,1003.24475,3.2875464055828427,581.7771660655343,0,0
0.62,9.101668,-6.1609173,0.70958704,1003.22943,3.410686025749901,598.7526889554648,0,0
0.64,8.757422,-5.9607196,-0.35566306,1003.2421,3.5292443434570786,615.2084228607675,0,0
0.66,7.911298299999999,-6.947394,0.68116254,1003.25214,3.643226572646239,631.1456667211945,0,0
0.68,6.878761999999999,-7.099922,0.8326544,1003.2421,3.7514453674198847,646.5673625560714,0,0
0.7000000000000001,6.582328,-7.2286167,0.108282536,1003.27234,3.8538836099859473,661.4781109145667,0,0
0.72,5.960854,-7.657603999999999,0.22189921,1003.2702,3.9506990458397984,675.8836996848407,0,0
0.74,6.2045255,-6.856820599999999,-0.47406733,1003.2702,4.041267992193096,689.7910693233895,0,0
0.76,5.9271917,-7.281041,-0.10005897,1003.24475,4.126261023257712,703.2080543864469,0,0
0.78,6.2598033,-6.613792,1.3868009,1003.24255,4.205651941154341,716.1434265723732,0,0
0.8,4.801979,-8.730144000000001,1.1169412,1003.24225,4.281500193460495,728.6066772001973,0,0
0.8200000000000001,5.5237455,-7.395508299999999,-0.26550344,1003.25006,4.352299834847484,740.6079216330216,0,0
0.84,5.542882,-7.395508299999999,-0.028781582000000007,1003.2373,4.418399631344327,752.1576869759866,0,0
0.86,5.213091,-7.8197327,-0.9141139,1003.217,4.480524967394468,763.2668731599167,0,0
0.88,5.714986,-7.576638000000001,-0.16134210000000002,1003.2524,4.539017171120734,773.9468979686618,0,0
0.9,5.652866,-7.633837700000001,0.3168344,1003.26013,4.594114631872519,784.2092955249817,0,0
0.92,6.5514855,-7.6100054,0.09905326,1003.2777,4.647132067414199,794.0657962618562,0,0
0.94,7.0486007,-7.7911350000000015,-0.8241542,1003.21466,4.69915283408924,803.5279362224156,0,0
0.96,7.4692397,-6.6709943,-0.2276177,1003.23004,4.749021711683871,812.6076106651652,0,0
0.98,7.201586200000001,-6.8759570000000005,-0.32230440000000005,1003.2376,4.7966954259497365,821.3166789643843,0,0
1.0,7.0677695000000025,-6.828292,0.79975116,1003.2478,4.8420453296959725,829.6669637493022,0,0
1.02,7.1872786999999985,-6.7853928,0.1700766,1003.27045,4.885232224282903,837.6702479357582,0,0
1.04,7.196856,-6.780627000000001,-0.00036036596,1003.2528,4.926357055271311,845.3380470303423,0,0
1.06,7.421523599999999,-7.1619515,-0.34123594,1003.2604,4.966408438686495,852.6818347810074,0,0
1.08,7.5697117,-6.0894765999999985,0.9370546,1003.2629,5.004204840627781,859.7128974722833,0,0
1.1,6.4225764000000005,-7.052322,0.5772415,1003.26544,5.0394484645173465,866.4423336193947,0,0
1.12,6.847995299999999,-7.0046563,0.25056902,1003.25775,5.072814834426642,872.8809988979526,0,0
1.14,7.3976893,-6.8759604,0.47782198,1003.2402,5.105050609213711,879.0394966620537,0,0
1.16,6.695073,-7.262051,0.05172694,1003.26044,5.1356858565903405,884.9283406824296,0,0
1.18,6.518237,-7.400282000000002,0.22690144,1003.26544,5.164769113141123,890.5577368163773,0,0
1.2,6.9006380000000025,-7.014191,0.046995565,1003.27826,5.192325362570156,895.9376651237944,0,0
1.22,8.521008,-5.9846153,-1.027713,1003.26556,5.219729129244093,901.0777501977824,0,0
1.24,6.4896080000000005,-7.2048545,-1.6857936000000002,1003.2481,5.245608483602631,905.9873426284463,0,0
1.26,6.7238336,-7.476548700000001,0.43048683,1003.2506,5.270509948337373,910.6756062267186,0,0
1.28,7.167511,-7.1905345999999986,0.34992465,1003.2481,5.294653535149101,915.1514169197358,0,0
1.3,6.933283,-7.2191334,-0.19926794,1003.2657,5.317734139596055,919.4234546671747,0,0
1.32,7.0814395,-6.8187419999999985,-0.7342571999999999,1003.2456,5.339473892171244,923.4999869440096,0,0
1.34,6.3931312999999985,-7.7672862999999985,-0.043035727,1003.2557,5.360370464207007,927.3891314308232,0,0
1.36,6.2306023,-7.5766234,0.16054226,1003.27856,5.379928664551307,931.0987814422199,0,0
1.38,7.0431490000000005,-6.7949076,-1.3970786,1003.266,5.398389744500814,934.6364301790986,0,0
1.4,6.330941,-7.1714660000000015,-0.9899214,1003.2434,5.415256742388474,938.0092816943596,0,0
1.42,6.2592278,-7.381193,-0.8289532,1003.2685,5.430854095682712,941.2244664791448,0,0
1.44,6.50776,-7.3096952,-0.57329696,1003.2686,5.445461314410165,944.2887626356556,0,0
1.46,6.9188046000000005,-6.9569693,-0.3413127,1003.2735,5.459170143856788,947.2087197740603,0,0
1.48,6.8709893,-6.9140697,-0.6348475,1003.2635,5.471933091847865,949.9905911103683,0,0
1.5,7.473228,-6.370682,-0.8005532,1003.26855,5.48398991688344,952.6404532751327,0,0
1.52,7.0812664000000005,-6.9474350000000005,-0.5780378,1003.27856,5.495554771159357,955.164168668128,0,0
1.54,6.7132034,-7.4574555999999985,0.17473093,1003.28864,5.506847875784757,957.5673716861734,0,0
1.56,6.6892867,-6.9903326,-0.033584487,1003.2862,5.517111651959034,959.855429654848,0,0
1.58,6.5602145000000025,-6.9665,-0.21822788,1003.28644,5.526213388420357,962.0335093132112,0,0
1.6,7.0238369999999986,-6.7043386,-0.55910665,1003.2941,5.5345764223663565,964.1065986258136,0,0
1.62,6.9521235999999975,-6.8139696,-0.34132552,1003.26874,5.5422869189697,966.0793640513764,0,0
1.64,7.004683,-6.9378990000000025,-0.256108,1003.27637,5.549646155651597,967.9564088028185,0,0
1.66,7.17674,-6.842567999999999,-0.7579563,1003.25885,5.556840116155745,969.7420543335023,0,0
1.68,7.2340784,-6.642372,-1.1035696000000002,1003.2563,5.563733207720142,971.4405020088144,0,0
1.7,6.9329348,-7.219125,-1.4491827,1003.2515,5.570814874922094,973.0557699674879,0,0
1.72,6.818203,-7.204825,-1.4302466,1003.2537,5.577847899318448,974.5917332838893,0,0
1.74,6.6269917000000005,-7.366886999999997,-1.297685,1003.25635,5.584753333578298,976.0521030904393,0,0
1.76,6.5839562,-7.1809907000000015,-1.5533443999999998,1003.25385,5.5912549089457615,977.4404121403813,0,0
1.78,6.7464210000000016,-7.004627,-1.2030028999999998,1003.2488,5.597238638546847,978.7600322132048,0,0
1.8,6.712944500000001,-7.066592,-1.0988477,1003.26666,5.602762508163254,980.0142723695841,0,0
1.82,6.689026400000001,-7.071358,-1.0136303,1003.26416,5.607814210900013,981.2062185672304,0,0
1.84,6.794161999999999,-6.9807935,-0.89527184,1003.2665,5.612421917828125,982.3388392406283,0,0
1.86,6.88018,-6.871161999999999,-0.6585532,1003.2566,5.616545134248471,983.4149268063768,0,0
1.88,6.880161,-6.9617257,-0.6396174,1003.2794,5.620355925876296,984.4372698829692,0,0
1.9,6.8419037,-7.0522899999999975,-0.5354621999999999,1003.2488,5.623942714405444,985.4083337338672,0,0
1.92,6.985278599999999,-6.818728,-0.7343089,1003.2719,5.627212270894371,986.3306745910793,0,0
1.94,7.061738,-6.8663936,-0.6680289,1003.2794,5.630362420210467,987.2066703839836,0,0
1.96,6.8514075,-7.190519,-0.61595213,1003.2515,5.63355959735621,988.0384616532117,0,0
1.98,6.6506380000000025,-7.10472,-0.6964387,1003.2619,5.6363827141889775,988.8282367967496,0,0
2.0,6.8609300000000015,-6.990322,-0.76745653,1003.2644,5.639006627147647,989.5780523011116,0,0
2.02,6.841790700000002,-7.0141544000000025,-0.60648865,1003.24146,5.641429240669838,990.2897775484822,0,0
2.04,6.9134699999999984,-7.071353,-0.38397324,1003.2695,5.643830922255749,990.965384977884,0,0
2.06,6.8082967000000005,-7.2048163,-0.35556844,1003.2616,5.646251736372932,991.6066180765832,0,0
2.08,6.6744432,-7.3716455,-0.5591496,1003.2594,5.648765774222348,992.215161657518,0,0
2.1,6.6983213,-7.343045,-0.47393215,1003.2744,5.6513333450152015,992.7926840236653,0,0
2.12,6.7126436,-7.1237835999999986,-0.70118517,1003.2825,5.653653671831886,993.3407461239074,0,0
2.14,6.6935062000000025,-7.1905145999999975,-0.7011868,1003.272,5.655821034761551,993.8607663096353,0,0
2.16,6.7747436,-7.252478999999999,-0.6254380999999999,1003.25934,5.658043757132006,994.3540910110299,0,0
2.18,6.664789,-7.352576299999999,-0.5260173,1003.24677,5.660293772633947,994.8220063615423,0,0
2.2,6.779487,-7.0761156000000005,-0.4786749,1003.2771,5.6622972728877325,995.265894702354,0,0
2.22,6.999337,-6.8997526,-0.4265983,1003.27997,5.6641304600009255,995.686965111366,0,0
2.24,7.0471163,-6.7948875,-0.48341292,1003.272,5.6657310723590975,996.0863290503688,0,0
2.26,7.0327597000000015,-7.047515,-0.12359983,1003.2774,5.667444040549643,996.4650948822896,0,0
2.28,6.9508785999999985,-7.200029400000001,0.00890642,1003.2649,5.669355554652808,996.8242516697992,0,0
2.3,6.855239,-7.266761,-0.22308336,1003.267,5.671403891770816,997.1647965012312,0,0
2.32,6.9125565999999985,-7.3096585,-0.5544954000000001,1003.27997,5.673738932868973,997.48771653888,0,0
2.34,6.76434,-7.3763895,-0.6917970999999999,1003.26465,5.676228351027204,997.7938456446063,0,0
2.36,6.7451773,-7.099928,-0.80542666,1003.28217,5.6784170472156354,998.0840992901058,0,0
2.38,6.7307944000000015,-7.018895599999999,-0.9616661,1003.27216,5.680219537318478,998.3592444298247,0,0
2.4,6.534782,-7.238156,-1.0137483,1003.2521,5.681741034633228,998.6199769553328,0,0
2.42,6.4917264,-7.2524543,-0.71074975,1003.2573,5.682915681338776,998.8670545778328,0,0
2.44,6.4008617,-7.1618886,-0.40775228,1003.2645,5.6834775285940005,999.1012031685934,0,0
2.46,6.223968,-7.1475880000000025,-0.14736372,1003.257,5.683214758046787,999.3230577319828,0,0
2.48,6.1809044,-7.200019,-0.28466564,1003.2544,5.682254688911242,999.533241256358,0,0
2.5,6.6110463,-7.147586,-0.60660887,1003.2595,5.6812258407130445,999.7323739499734,0,0
2.52,6.5679880000000015,-7.4955440000000015,-0.6492222,1003.2621,5.680622235823175,999.9210346118319,0,0
2.54,6.668317299999999,-7.343013000000001,-0.81493056,1003.2646,5.6803243402269805,1000.0997720080477,0,0
2.56,6.926386999999999,-7.0141196,-1.2268275,1003.2671,5.680258699173407,1000.2691067521147,0,0
2.58,6.998040700000002,-6.9759854999999975,-1.1652842,1003.28467,5.680431653433704,1000.429586959665,0,0
2.6,7.0935936,-6.971218,-0.82914543,1003.28467,5.68087838226427,1000.5816655700016,0,0
2.62,7.0744314,-6.909252,-0.5782259,1003.24945,5.681410224313401,1000.7256462540428,0,0
2.64,7.060051400000001,-6.7519546,-0.55929196,1003.2724,5.681764802395367,1000.8620358999472,0,0
2.66,6.7923393,-6.9283160000000015,-0.5166863,1003.285,5.6818184815855135,1000.9912724618283,0,0
2.68,6.6680207,-7.0379457,-0.39833012,1003.27496,5.681579276569661,1001.113687163044,0,0
2.7,6.7635770000000015,-7.0617776,-0.4835531,1003.2746,5.681262829606463,1001.2296320792514,0,0
2.72,6.7539744000000015,-7.157108,-0.6397924,1003.2646,5.681027468231991,1001.3394068917266,0,0
2.74,6.7156954,-7.2238383000000015,-0.63032734,1003.2724,5.6809100779518085,1001.4433626912198,0,0
2.76,6.8351474,-6.999809299999999,-0.81970745,1003.2797,5.6807609149565526,1001.5418288499634,0,0
2.78,6.9418826000000005,-6.861617599999999,-0.96159494,1003.267,5.680563849533862,1001.6350441639694,0,0
2.8,6.9992604000000025,-6.9283504,-0.9994684,1003.2671,5.680514422050901,1001.7232846164347,0,0
2.82,6.884567,-6.9998493,-0.7296053000000001,1003.285,5.680483708624173,1001.806876055614,0,0
2.84,6.707735499999999,-7.3430414000000015,-0.5449615,1003.257,5.68070927628301,1001.8859578974727,0,0
2.86,6.6026015,-7.1952789999999975,-0.5638972,1003.27716,5.680789204219537,1001.960842940508,0,0
2.88,6.726897,-6.985551400000001,-0.7532715,1003.2647,5.680626386720393,1002.0317052499485,0,0
2.9,6.803395,-7.1142488,-0.58756536,1003.26465,5.680528457907532,1002.0987577876697,0,0
2.92,6.7412777,-7.185747,-0.48814106,1003.24695,5.680496026340814,1002.1621389019647,0,0
2.94,6.7651973,-7.2000475,-0.7532658,1003.26965,5.680611764544588,1002.222129494509,0,0
2.96,6.808238,-7.1619153,-0.8574206,1003.2746,5.680879427413133,1002.2789260759007,0,0
2.98,6.79392,-7.066585000000001,-0.9189659,1003.2671,5.6811287414619205,1002.3326689613452,0,0
3.0,6.8034997000000015,-7.0236864,-0.7532599,1003.2518,5.681281490878152,1002.3834650466632,0,0
3.02,6.789182,-7.1762175999999975,-0.7248515999999999,1003.2671,5.681551787171243,1002.431529553482,0,0
3.04,6.693608,-7.190517,-0.80533445,1003.2619,5.681824006526187,1002.4769886853146,0,0
3.06,6.693628,-7.028454300000001,-0.66330045,1003.2771,5.681830289303012,1002.5200367749347,0,0
3.08,6.7318880000000005,-7.1380862999999986,-0.6538297,1003.28217,5.681819836035657,1002.5608177465332,0,0
3.1,6.7558089999999975,-7.1285534,-0.6680309,1003.2619,5.6818163290194965,1002.5993757091504,0,0
3.12,6.6984735,-7.214351700000001,-0.78165454,1003.2771,5.681884732809517,1002.635885332366,0,0
3.14,6.760631,-7.142853999999999,-0.914216,1003.2696,5.682020101343865,1002.6704266082428,0,0
3.16,6.736754,-7.119022,-0.82899475,1003.2771,5.682128675585044,1002.7031313038176,0,0
3.18,6.837148700000001,-7.180987400000001,-0.7437736999999999,1003.2544,5.682435413391677,1002.7340137401337,0,0
3.2,6.7893724,-7.133322200000001,-0.81005347,1003.2649,5.682787150919802,1002.7632126513984,0,0
3.22,6.732036,-7.214353999999997,-0.84792674,1003.2569,5.683224672592613,1002.7907900838466,0,0
3.24,6.7559565999999975,-7.257254,-0.81951827,1003.25433,5.683830234180697,1002.816826246856,0,0
3.26,6.798997999999999,-7.295387299999999,-0.7721720999999999,1003.23926,5.684692836367788,1002.8413525620024,0,0
3.28,6.8365240000000025,-7.1142406000000005,-0.8195814,1003.2523,5.685568180977326,1002.8645034248427,0,0
3.3,6.826958,-6.923578,-0.8858636000000001,1003.2595,5.686166868274232,1002.8863815149189,0,0
3.32,6.807831,-7.0475081999999984,-0.91427076,1003.2872,5.686680281973118,1002.9071559418563,0,0
3.34,6.826942999999999,-7.147606,-0.73436403,1003.2443,5.687262224115857,1002.9267259441077,0,0
3.36,6.93209,-6.9283442,-0.8053808000000001,1003.2822,5.6877415425313425,1002.9452977046983,0,0
3.38,6.8269277000000015,-6.9283442,-0.5023795999999999,1003.2317,5.687932734278289,1002.9627387606192,0,0
3.4,6.506673,-7.0475073,-0.40769225,1003.2342,5.687579460847923,1002.9791269380928,0,0
3.42,6.497106,-7.138072,-0.33194247,1003.277,5.6868655487905215,1002.994679874731,0,0
3.44,6.6452723,-7.05704,-0.45503774,1003.272,5.685931501839173,1003.0094208019957,0,0
3.46,6.745641,-6.9950747,-0.58760166,1003.2719,5.684871687504307,1003.0233908104393,0,0
3.48,6.7169547000000005,-6.9378757,-0.73436886,1003.2566,5.683598698359996,1003.0365742629828,0,0
3.5,6.8460025999999985,-6.914043,-0.9237458,1003.2794,5.682327166460485,1003.0490973343036,0,0
3.52,6.984609,-7.0141406,-0.8148550999999999,1003.2591,5.681390777666992,1003.0609187297188,0,0
3.54,7.266609700000001,-7.0189070000000005,-1.084717,1003.26666,5.681229554381504,1003.0721047832808,0,0
3.56,7.3813179999999985,-7.071339,-0.8385286,1003.28937,5.681951902294908,1003.0827709349884,0,0
3.58,7.094522,-7.004606699999999,-0.74857557,1003.2488,5.682915295348147,1003.0927932512717,0,0
3.6,6.903322,-6.7853455999999985,-0.7627795,1003.2488,5.683489321966528,1003.1022105942343,0,0
3.62,6.807718799999999,-6.7233796,-0.7059673000000001,1003.254,5.683476987252468,1003.1110782003373,0,0
3.64,6.9654440000000015,-6.785345,-0.5686703000000001,1003.26666,5.683251285656482,1003.1194737115685,0,0
3.66,7.075372,-6.99984,-0.42663875,1003.2641,5.683297698485402,1003.1274126399308,0,0
3.68,7.1040444,-7.090404,-0.45031145,1003.26666,5.683761325562591,1003.1349287675281,0,0
3.7,7.127935400000001,-6.942641,-0.5165938,1003.2566,5.684418531988766,1003.1420080343097,0,0
3.72,7.104029,-6.7615113,-0.6112826,1003.2944,5.684959205557504,1003.1488118855144,0,0
3.74,7.0275455,-6.6900125,-0.89534754,1003.2641,5.685223484531805,1003.1552388056513,0,0
3.76,6.9558406,-6.737678,-0.7249097,1003.2742,5.685174345000613,1003.1613458925837,0,0
3.78,6.8936954,-6.799643,-0.32722038,1003.2438,5.6848012760640625,1003.1670389493837,0,0
3.8,6.8841286,-6.9569397,-0.32248667,1003.2817,5.68435980180982,1003.1724821141544,0,0
3.82,6.927139,-6.9664726,-0.58287954,1003.28174,5.683961364726023,1003.1776850229352,0,0
3.84,6.9366913,-6.856841,-0.6775684000000001,1003.259,5.68346851108334,1003.1825750470508,0,0
3.86,6.9988213,-6.8330083,-0.5923497,1003.264,5.6829398000078255,1003.1871890021904,0,0
3.88,7.037051700000001,-6.809175,-0.73438257,1003.25385,5.682423674845277,1003.191505872544,0,0
3.9,7.0609446,-6.952172,-0.8622120999999999,1003.28406,5.6821843324269175,1003.1956534540468,0,0
3.92,7.0322576,-6.818708,-0.7911968,1003.26416,5.681942390792385,1003.1995648806284,0,0
3.94,7.0131307000000005,-6.8473070000000025,-0.724916,1003.2514,5.681701318188941,1003.2032076235856,0,0
3.96,6.9653254,-6.852074000000001,-0.8054013000000001,1003.27893,5.681411087743359,1003.2066989518177,0,0
3.98,6.8362627000000025,-6.799641,-0.44085297,1003.25385,5.680763172635014,1003.2099536332167,0,0
4.0,6.802796400000001,-6.918805,-0.44085366,1003.25366,5.6799280064520135,1003.2129868126216,0,0
4.02,6.769331,-7.00937,-0.5686831999999999,1003.2613,5.679030318251997,1003.2158408574182,0,0
4.039999999999999,6.769323299999999,-7.0046024000000005,-0.42191738,1003.2693,5.67805800137796,1003.2185551443138,0,0
4.06,6.8601316999999975,-7.1380663,-0.56868464,1003.2713,5.6773688934963475,1003.2211433696953,0,0
4.079999999999999,6.774087400000001,-7.276295699999999,-0.63023263,1003.2411,5.67702589700921,1003.2235021695112,0,0
4.1,6.8266582,-7.1428323,-0.791203,1003.27637,5.676887402197442,1003.2257767292184,0,0
4.119999999999999,7.2659454,-6.775796400000001,-1.1699971000000002,1003.2864,5.677120560429512,1003.2280047739508,0,0
4.14,7.017377400000001,-7.0951552,-1.1510612,1003.24615,5.6777678851477775,1003.2300387970897,0,0
4.159999999999998,6.950441400000001,-6.8186946,-0.7249664000000001,1003.2434,5.678193256645807,1003.231884160266,0,0
4.18,7.0077796,-6.8520600000000025,-0.81492174,1003.25366,5.678568920750264,1003.2335931161915,0,0
4.199999999999998,6.845249000000001,-6.9283247,-0.55926555,1003.256,5.6787346606976925,1003.235183814429,0,0
4.22,6.7496342999999985,-6.961689999999999,-0.08109236,1003.26605,5.6785922273048675,1003.2367004736597,0,0
4.239999999999998,6.7974143,-6.9950557,-0.043218788,1003.2864,5.678296429508211,1003.2382195120508,0,0
4.26,6.9885899999999985,-7.037953999999999,-0.5024576,1003.27124,5.678234484377053,1003.2396806081296,0,0
4.2799999999999985,7.03637,-7.1475839999999975,-0.46458393,1003.2559,5.678607167965387,1003.2410300224356,0,0
4.3,7.0028934000000005,-7.142817,-0.6728994,1003.2485,5.679331354350192,1003.2422492568356,0,0
4.3199999999999985,6.7352047000000015,-7.161883,-0.84333974,1003.2862,5.680034783619707,1003.243484795027,0,0
4.34,6.467519,-7.3001127000000015,-0.91909176,1003.22546,5.6805691899392805,1003.2445116273108,0,0
4.3599999999999985,6.4436,-7.343011,-0.80073357,1003.26355,5.680964603482997,1003.2454874744583,0,0
4.38,6.4531436,-7.3668429999999985,-0.9475015,1003.2583,5.681313053076218,1003.2463958580901,0,0
4.4,6.5678406,-7.290578,-0.63976693,1003.276,5.6816068294256326,1003.2473050807776,0,0
4.42,6.7351136,-7.271511599999997,-0.63503426,1003.2558,5.682055406155528,1003.2481390516535,0,0
4.44,6.6442820000000005,-7.381142,-0.52141,1003.246,5.682666306452272,1003.2488682477338,0,0
4.46,6.577346,-7.257211,-0.62556857,1003.25323,5.683147079807067,1003.2495282676983,0,0
4.48,6.754181,-7.147579,-0.63977355,1003.2863,5.683595281131388,1003.2502438395752,0,0
4.5,6.55341,-7.3859076,-0.450399,1003.2559,5.6840747409634425,1003.2508964810633,0,0
4.52,6.519933,-7.271509599999999,-0.6587145000000001,1003.2708,5.684381114771662,1003.2515448077504,0,0
4.539999999999999,6.864062,-7.0141149999999985,-0.7249977,1003.2557,5.684641502314062,1003.2521326279027,0,0
4.56,6.940521,-7.180944,-0.7060618000000001,1003.25104,5.685215920974143,1003.2526480923294,0,0
4.579999999999999,7.1460339999999976,-6.875883999999999,-0.63978183,1003.2808,5.685911301002497,1003.2532049035643,0,0
4.6,7.165136,-6.780552,-0.6729242,1003.2834,5.686607790643567,1003.2538056043184,0,0
4.619999999999999,6.735728,-6.8616023,-0.6018372,1003.2782,5.686775299778506,1003.2544242033293,0,0
4.64,6.587567,-7.0760983999999985,-0.53555435,1003.26825,5.686575963680293,1003.2550205702837,0,0
4.659999999999998,6.1908555,-7.729117,-0.36038026,1003.2605,5.686524416745787,1003.2555672460713,0,0
4.68,6.38684,-7.466956,-0.25148788,1003.25775,5.686436697724331,1003.2560581467113,0,0
4.699999999999998,6.6832,-6.804405,-0.9190377,1003.2453,5.685803287360321,1003.2564531771884,0,0
4.72,7.0799369999999975,-6.7472067,-0.62550354,1003.2453,5.685143797143719,1003.2567620746803,0,0
4.739999999999998,6.7883809999999984,-6.9235697,-0.6633776,1003.2556,5.6842950137290895,1003.2570308330353,0,0
4.76,6.4777055,-7.500323,-0.35564026,1003.2327,5.683693151080259,1003.2571807169188,0,0
4.7799999999999985,6.4155807000000005,-7.4907910000000015,-0.27041987,1003.2453,5.683206861707102,1003.2572703837374,0,0
4.8,6.4920697,-7.404992999999997,-0.3082939,1003.2629,5.6827961092250785,1003.2573698799569,0,0
4.8199999999999985,6.7406324999999985,-7.223864,-0.104713365,1003.2579,5.6825120745282165,1003.2574597032484,0,0
4.84,7.471955,-6.8330064,0.25983697,1003.2579,5.6828558618669245,1003.2575406561772,0,0
4.8599999999999985,7.194739,-6.8091740000000005,-0.25147757,1003.2629,5.683297248874737,1003.257631479823,0,0
4.88,7.1134952999999985,-7.099934599999999,-0.2372732,1003.2654,5.684122608854707,1003.2577396982688,0,0
4.9,7.041810000000001,-6.923572,-0.024223901000000003,1003.2679,5.684914688884995,1003.257871897174,0,0
4.92,6.960566,-6.885439999999999,0.26931036,1003.2604,5.68550626423455,1003.2579978092966,0,0
4.94,7.151770599999999,-7.0093710000000025,0.33559320000000004,1003.2527,5.686386437061275,1003.2580899931347,0,0
4.96,6.9510320000000005,-6.909273,0.26457828,1003.2704,5.6870710853326285,1003.2582157627987,0,0
4.98,6.778971,-7.114236,0.5533781,1003.25995,5.687659649072997,1003.2583331361276,0,0
5.0,6.831561,-7.014138000000001,0.50603515,1003.2376,5.688081997986418,1003.2583622079112,0,0
5.02,6.841133,-7.1237698000000025,0.26458168,1003.28046,5.6885137895882725,1003.2584674477907,0,0
5.039999999999999,6.7025313,-7.1619015,0.37820846,1003.2449,5.68881947322518,1003.2585115949361,0,0
5.06,6.7264433000000015,-7.262,0.4160849,1003.25995,5.689201784285773,1003.2585557816119,0,0
5.079999999999999,6.678657,-7.2286350000000015,0.09888092,1003.2398,5.689514938068571,1003.2585273041452,0,0
5.1,6.7169075,-7.004606699999999,-0.024212506,1003.2446,5.689480306976935,1003.2584520031604,0,0
5.119999999999999,6.874814999999999,-6.9903107,0.07522589,1003.27014,5.6893463745273145,1003.2584275439987,0,0
5.14,7.0612473,-6.9235797,0.117837355,1003.24756,5.6893022540363,1003.2583668087253,0,0
5.159999999999998,6.760139,-6.875914999999999,0.07996388,1003.24506,5.688824017164421,1003.258265238526,0,0
5.18,6.836633,-7.037978599999999,0.11310634,1003.2424,5.6883166138481736,1003.2581183762393,0,0
5.199999999999998,6.9657087,-6.985547,0.28828117,1003.25476,5.687903180760283,1003.2579765185684,0,0
5.22,6.9944039999999985,-6.9331145,0.24093865,1003.25226,5.687536931123588,1003.2578305936636,0,0
5.239999999999998,7.0039824999999984,-6.933114999999999,0.20306514,1003.2724,5.687226059053874,1003.2577541042807,0,0
5.26,6.9705429999999975,-6.9617147,0.18886366,1003.25726,5.686957278565286,1003.2576847394864,0,0
5.2799999999999985,6.7841505999999985,-7.061814,0.1699279,1003.2699,5.68660322241012,1003.2576674236916,0,0
5.3,6.774609,-7.161911,0.20307036,1003.2598,5.686313278932892,1003.2576598007305,0,0
5.3199999999999985,6.817645,-7.085647,0.3451042,1003.2573,5.6860363189848435,1003.2576517697992,0,0
5.34,6.970619,-7.2000446,0.24094908,1003.26733,5.686157152474817,1003.2576795152972,0,0
5.3599999999999985,7.0232134,-7.1094804000000025,0.07051204,1003.26215,5.686565392279513,1003.257720124964,0,0
5.38,6.8798394,-7.0093837,-0.3508481,1003.2372,5.686881291697597,1003.2576821352158,0,0
5.4,6.8177204,-7.200046,-0.26562724,1003.2598,5.687304527674992,1003.2576561917874,0,0
5.42,6.626547,-7.2238793,-0.123593315,1003.252,5.687580630163724,1003.2576129058837,0,0
5.44,6.7604003,-7.004617999999999,-0.1330604,1003.23425,5.6875847404825,1003.257490551998,0,0
5.46,6.822558,-6.880688,-0.30349708,1003.23425,5.6872627012895025,1003.2572987741173,0,0
5.48,6.822576,-7.066584599999999,-0.15199453,1003.26465,5.686922409566435,1003.2571557835953,0,0
5.5,6.8560534,-7.052285,-0.03363267,1003.26733,5.686591960399827,1003.2570660643488,0,0
5.52,6.8560724,-7.0236864,-0.09044379,1003.2393,5.686229594006,1003.2569228305913,0,0
5.539999999999999,6.9182277,-6.9045229999999975,-0.12831739,1003.24945,5.685755952731128,1003.2567693670528,0,0
5.56,6.9517045,-6.942656,-0.10937816,1003.2646,5.6852904477412,1003.2566619569487,0,0
5.579999999999999,6.8513484,-7.0999527,0.03265586,1003.2316,5.6849195907126,1003.2564768263361,0,0
5.6,6.8083487000000025,-7.0236883,0.03265748,1003.2492,5.684457627258007,1003.2562870483516,0,0
5.619999999999999,6.9235044000000014,-7.0046325,-0.13300635,1003.2518,5.684057699826138,1003.2561032071504,0,0
5.64,6.9044184999999985,-6.980801,-0.14247207,1003.23895,5.683651194983942,1003.2558790135196,0,0
5.6599999999999975,6.9092316999999985,-6.9283695000000005,-0.118797034,1003.2212,5.6831694186351385,1003.2555560715783,0,0
5.68,6.8710284,-7.119033,0.09425441,1003.23645,5.682849581842673,1003.2552019382216,0,0
5.6999999999999975,6.9618826,-6.8711724,-0.18033758,1003.2415,5.682442963360367,1003.2548396990101,0,0
5.72,6.933236999999999,-6.961738,-0.0146303885,1003.2467,5.682048305444174,1003.2544903215262,0,0
5.7399999999999975,6.9476113,-6.966506,-0.06670557,1003.2289,5.681694193219848,1003.2540894864239,0,0
5.76,6.8807300000000025,-7.038004400000001,0.027985774,1003.2314,5.681384867412075,1003.2536536263764,0,0
5.7799999999999985,6.799509,-7.0332394,0.19842757,1003.2414,5.680995551039407,1003.2532243873836,0,0
5.8,6.8568997000000005,-6.923609299999999,0.17475861,1003.2415,5.680456590538284,1003.2528029040147,0,0
5.8199999999999985,6.7565594,-6.9808083,0.33573163,1003.2361,5.679735189610285,1003.2523703508556,0,0
5.84,6.8952117,-6.952210000000001,0.3452039,1003.2289,5.679014999524625,1003.2519036536212,0,0
5.8599999999999985,6.9095845,-6.9569774,0.44462943,1003.2336,5.6783348477974425,1003.251425386792,0,0
5.88,6.890500500000001,-7.1428742,0.7429001999999999,1003.2386,5.677977669295022,1003.2509566188287,0,0
5.9,7.0052514000000015,-7.0570770000000005,0.4777768,1003.2465,5.677912647920714,1003.2505263716292,1,1
5.92,6.9049087,-7.038011599999999,0.20791873,1003.23096,5.677912023449412,1003.2500757662656,1,1
5.94,6.8236880000000015,-7.13811,0.18424997,1003.26624,5.677999331985327,1003.2497358026076,1,1
5.96,6.952778,-6.928382400000001,0.1747844,1003.2489,5.678040001962493,1003.2494324018302,1,1
5.98,6.8333187,-6.952215700000001,0.43044552,1003.2208,5.677916005501512,1003.2490612402563,1,1
6.0,6.8190103,-7.0523148,0.19846253,1003.2334,5.677759601222202,1003.2486769014254,1,1
6.02,6.608733999999999,-7.176246000000001,0.17005934,1003.23596,5.677461410170598,1003.2482915187886,1,1
6.039999999999999,6.4797173,-7.3001776,0.35943902,1003.24347,5.677060910524572,1003.2479336372234,1,1
6.06,6.8286757,-7.1762476,0.36417645,1003.2738,5.676872805937967,1003.2477105319783,1,1
6.079999999999999,7.067698,-7.0046525,0.255288,1003.2587,5.676958914372258,1003.2475529582684,1,1
6.1,7.13943,-6.985587,0.10852468,1003.25116,5.677359854849278,1003.2474267114889,1,1
6.119999999999999,6.8088193,-7.0046334,-0.16141,1003.2482,5.677581987954966,1003.2473179436728,1,1
6.14,6.5076942,-7.2048289999999975,0.16052975,1003.24084,5.6775209663087844,1003.2471985158336,1,1
6.1599999999999975,6.7514663,-7.357359,-0.047783833,1003.2534,5.67778297505755,1003.2471153147376,1,1
6.18,7.874722999999999,-8.658628,0.7333932,1003.261,5.681948440617798,1003.2470917831163,1,1
6.1999999999999975,3.39127,-9.049486,-1.2313845,1003.26605,5.68542278802791,1003.2471392401566,1,1
6.22,3.3912723,-8.858825,-2.4433918,1003.23035,5.688384535836666,1003.2471207319327,1,1
6.2399999999999975,5.2553980000000005,-8.348803,-1.1651025,1003.2557,5.691170242018634,1003.2471352634308,1,1
6.26,6.909212599999999,-8.301136999999999,-1.0656798,1003.2328,5.695700456683973,1003.2470964965147,1,1
6.2799999999999985,8.113727,-8.296371,0.31203234,1003.2556,5.703326864376327,1003.24709285468,1,1
6.3,9.514211,-6.1943192000000025,1.5808528999999998,1003.2707,5.713357939538732,1003.247174622478,1,1
6.3199999999999985,9.533333,-5.9083260000000015,1.0695374,1003.2582,5.725070533196349,1003.2472865638632,1,1
6.34,11.344882,-5.5174685,0.70972294,1003.2354,5.741071645296517,1003.2473426836414,1,1
6.3599999999999985,13.538815,-4.0779686,2.1821232000000004,1003.2479,5.764278965745594,1003.2473942774162,1,1
6.38,14.040696,-4.43546,4.4025593,1003.26556,5.795976795501474,1003.2475052622772,1,1
6.4,11.311429,-6.852104700000001,4.3788870000000015,1003.24786,5.832074644645329,1003.2476046055556,1,1
6.42,9.5524645,-8.563299,2.314687,1003.2781,5.870070064395335,1003.2478021686967,1,1
6.44,8.926312,-9.325948,0.6339736999999999,1003.2527,5.9093745645071305,1003.2479943676808,1,1
6.46,8.089849000000001,-9.578575,-0.45493922,1003.25775,5.948906611350827,1003.2481993149795,1,1
6.48,7.458917599999999,-9.688207,-1.0041301,1003.2426,5.987919730036186,1003.2483602488793,1,1
6.5,6.8710046,-10.813114,-0.7721438,1003.26294,6.027511700118327,1003.2485549371768,1,1
6.52,3.090182,-11.990453,-2.003089,1003.24756,6.0668667313291165,1003.2487233819822,1,1
6.539999999999999,0.63336515,-13.2631235,-3.612786,1003.2272,6.1084017197479294,1003.2487947356374,1,1
6.56,-1.7517543999999998,-14.545328,-0.45020366,1003.2425,6.153576518104128,1003.2488351226787,1,1
6.579999999999999,-1.0204418,-13.03433,-1.965213,1003.245,6.198819606246983,1003.2488570022273,1,1
6.6,2.0099566,-13.630149,-4.4176345,1003.20715,6.246552781123325,1003.248726189788,1,1
6.619999999999999,6.6415887000000025,-14.483363,-3.2908459000000003,1003.23724,6.300058482336537,1003.2485692536334,1,1
6.64,10.130848,-14.3308325,-0.6064381,1003.2699,6.361154927307247,1003.248507375534,1,1
6.6599999999999975,12.434716,-12.886567,1.1926358999999995,1003.2272,6.4295424999499735,1003.2483759934936,1,1
6.68,11.626931,-10.508055,2.1726582000000003,1003.2247,6.4997081261790814,1003.2481746707463,1,1
6.6999999999999975,9.959539,-8.28209,1.1027519,1003.2347,6.565327636259358,1003.247948273152,1,1
6.72,9.61542,-7.362147,1.0601447,1003.2473,6.624940745701916,1003.2477458944542,1,1
6.7399999999999975,10.227265,-5.331594,1.6235416,1003.23206,6.677973483696867,1003.2475106034168,1,1
6.76,11.011181,-3.4249716,2.6698477,1003.23975,6.725394375820294,1003.2472747620841,1,1
6.7799999999999985,10.561906,-3.0627139,3.209572,1003.222,6.766894496191165,1003.2469753835388,1,1
6.8,10.652749,-3.3058087999999994,1.1359053999999995,1003.2169,6.8025060312281385,1003.2466025812752,1,1
6.8199999999999985,11.556162,-4.292487,-1.1129341,1003.2119,6.8352100532976126,1003.2461482439028,1,1
6.84,11.713923,-6.1228456,-0.89041454,1003.252,6.867035124847777,1003.2457678577223,1,1
6.8599999999999985,12.292306,-9.264008,-0.6631607,1003.24207,6.902456386974879,1003.2454184362056,1,1
6.88,13.535082999999998,-10.379383,-0.5021883,1003.2367,6.944372760743923,1003.2450783009829,1,1
6.9,14.524531,-11.637754,1.1785278,1003.2696,6.995171715004248,1003.2448660356163,1,1
6.92,13.950981,-14.960044,1.116983,1003.28467,7.057454619436964,1003.2448217722107,1,1
6.94,13.91755,-18.892454,2.414213,1003.28973,7.136110236407813,1003.2449443306853,1,1
6.96,10.184552,-18.468231,2.797702,1003.2316,7.2241397056911385,1003.2450045837628,1,1
6.98,5.595968,-14.907615,1.4862744,1003.26917,7.309155480725516,1003.2451448188808,1,1
7.0,4.386704,-11.418495,0.2695348,1003.2417,7.383392652656201,1003.2452563292833,1,1
7.02,3.2204583,-9.092417,-0.4927019,1003.2187,7.442483169082421,1003.2452592570893,1,1
7.039999999999999,2.0255373,-7.6529174,-1.0750309999999998,1003.23645,7.48450763196982,1003.2452301307727,1,1
7.06,1.8821694,-6.5518436,-0.4358839,1003.2339,7.508893677119738,1003.2451636062892,1,1
7.079999999999999,1.9204363,-6.3516483,-0.11394182,1003.2362,7.517203088907057,1003.2450725562726,1,1
7.1,2.3363059,-6.942703,-0.94246024,1003.2111,7.512834118978164,1003.2448698032753,1,1
7.119999999999999,3.65078,-8.396502499999999,-1.3638197,1003.2288,7.501167516072862,1003.2446327994353,1,1
7.14,4.7214856,-10.274527,-0.74360985,1003.2111,7.487407553038532,1003.2443026647644,1,1
7.1599999999999975,6.2749486,-12.695938,-0.40273032,1003.2185,7.4777416152581235,1003.2439180681756,1,1
7.18,6.8628907,-13.315592,1.2969233,1003.2612,7.473533005672362,1003.2436404535847,1,1
7.1999999999999975,9.5433235,-12.653014,1.9170353,1003.2336,7.47609007876301,1003.2433590076993,1,1
7.22,11.837615,-12.30029,0.72869855,1003.2487,7.486949741761192,1003.2431295496872,1,1
7.239999999999997,11.871061,-12.629181,-0.8005153,1003.2336,7.5056558125318835,1003.2428924942084,1,1
7.26,11.603378,-13.205935,0.4683038,1003.2462,7.531715182859032,1003.2426949390086,1,1
7.2799999999999985,11.412172,-11.747367,1.9549056,1003.2485,7.561909702123319,1003.2425412774536,1,1
7.3,10.61393,-8.558539999999999,1.5382767,1003.256,7.589885613594272,1003.2424539535048,1,1
7.3199999999999985,10.193294,-6.8568797,0.6955515,1003.24097,7.61285622671216,1003.2423714518308,1,1
7.34,9.982969,-5.855902,0.20317207,1003.2812,7.6298060332434865,1003.2424383361251,1,1
7.3599999999999985,10.250626,-4.468833999999998,0.70028347,1003.25104,7.6406032686749805,1003.2425284010776,1,1
7.38,10.580417,-2.9721346,1.2305354,1003.2838,7.645622439388046,1003.242756560226,1,1
7.399999999999999,10.714239,-3.8062816,0.39254454,1003.2686,7.646179848506517,1003.2430511980324,1,1
7.42,11.761001,-5.1599836,-1.562766,1003.271,7.646037012291704,1003.2434121556853,1,1
7.439999999999999,13.051535,-6.056096,-2.1498334,1003.2632,7.6486222579991985,1003.2438023341067,1,1
7.46,13.887987,-9.62148,-1.278704,1003.2582,7.65858806413131,1003.2441989273572,1,1
7.479999999999999,12.841197,-11.361273,-0.061963204,1003.30115,7.675459824415411,1003.2447543810147,1,1
7.5,11.65579,-11.871294,1.3441535,1003.2959,7.697427793503842,1003.2454293040953,1,1
7.52,10.8623295,-14.006711,0.86597747,1003.30597,7.726012761789037,1003.246243612634,1,1
7.539999999999999,10.2027025,-15.946698,0.28364435,1003.3311,7.7628090791997675,1003.2472686186536,1,1
7.56,9.069876,-15.360414000000002,0.61978585,1003.29846,7.804474776469761,1003.2483586029454,1,1
7.579999999999999,7.8605714,-13.115364,1.864933,1003.2883,7.845210828025992,1003.2494655020952,1,1
7.6,7.286981599999999,-10.946581,2.1016521,1003.3085,7.880641479748117,1003.2506560823759,1,1
7.619999999999999,7.200932000000001,-9.421282,1.6282104,1003.316,7.908455495545888,1003.2519433172156,1,1
7.64,7.0957623,-8.358338999999999,1.3441448,1003.278,7.9275206029070775,1003.253174521978,1,1
7.659999999999997,6.240163,-8.310674,1.5382541,1003.28326,7.9376634842779135,1003.2543707222267,1,1
7.68,4.935262000000002,-7.8626165,1.6518786,1003.2478,7.937647977462768,1003.2554040301668,1,1
7.699999999999997,3.8280032,-7.838825,1.3064184,1003.25287,7.927392549521754,1003.2563079385536,1,1
7.72,2.8529751,-8.26305,0.61520016,1003.2403,7.9080064772987315,1003.257049003426,1,1
7.739999999999997,1.9400843,-8.582410000000001,0.07074839999999999,1003.25543,7.880697005641433,1003.2576979799344,1,1
7.76,1.3617771,-9.306928,-0.33640596,1003.2174,7.847758406995827,1003.2581263428498,1,1
7.7799999999999985,2.0262218,-9.545257,-1.5673465,1003.23,7.8109434019480455,1003.2584035894873,1,1
7.8,5.051889,-9.93135,-2.9119124,1003.25037,7.7742311117651335,1003.2586196436943,1,1
7.8199999999999985,8.235291,-12.190699,-2.5473585,1003.2298,7.7448375262731695,1003.2587067984742,1,1
7.84,11.633784,-14.979135500000002,-2.864559,1003.22974,7.73085167732591,1003.2586795279633,1,1
7.8599999999999985,13.244626,-16.375736,-3.2622445,1003.24,7.734960130591477,1003.2585881854393,1,1
7.88,13.665301,-15.808519,-0.29850242,1003.28253,7.754180798588142,1003.2585936657173,1,1
7.899999999999999,13.894781,-12.419498,1.4437628999999998,1003.27277,7.782099858987883,1003.258649542894,1,1
7.92,12.943655,-8.634853,0.17021313,1003.28503,7.811095386575407,1003.2587938856133,1,1
7.939999999999999,11.758312,-7.819773700000002,-0.49259907,1003.26263,7.837963994390704,1003.2589352368518,1,1
7.96,10.611209,-6.389807,-0.41210967,1003.2548,7.859247696228317,1003.2590452479536,1,1
7.979999999999999,10.037687,-4.6643157,0.4969010999999999,1003.2699,7.872789234867677,1003.2591815308704,1,1
8.0,9.832201,-4.3306575,0.73835987,1003.26483,7.878795499811355,1003.2593222849443,1,1
8.02,10.754758,-4.2782269999999984,0.056610636,1003.2523,7.879796315769132,1003.2594213750183,1,1
8.04,13.106473,-5.5175323,-0.35054338,1003.27484,7.8818791158730255,1003.259564438058,1,1
8.059999999999999,14.14852,-8.101007000000001,0.33121535,1003.287,7.8892380734688565,1003.2597896165823,1,1
8.08,13.097019,-10.746448,1.8083546,1003.2925,7.902751689326182,1003.260106341707,1,1
8.1,10.664149,-11.28507,2.2628622000000003,1003.26935,7.918854879199097,1003.2604194771968,1,1
8.12,10.128861,-12.247916,1.4722211,1003.30725,7.9377513448872445,1003.2608647535981,1,1
8.139999999999999,11.314301,-15.212716,0.6579079999999999,1003.3071,7.9653014233811055,1003.2614246467133,1,1
8.16,11.151843,-18.220413,1.0982127,1003.29456,8.005428889146518,1003.2620386555412,1,1
8.18,9.000983,-17.171774,2.054567,1003.27966,8.052588435018466,1003.2626446305819,1,1
8.2,6.07486,-14.168820000000002,2.6652248,1003.2972,8.097786599517123,1003.2633044694576,1,1
8.219999999999999,5.1189137,-10.7941,1.4579526000000005,1003.272,8.133585967251856,1003.2639188069984,1,1
8.24,5.243203599999998,-8.067629,1.4153445,1003.277,8.156150988719865,1003.2645087279441,1,1
8.26,4.5405874000000015,-7.4956426999999985,0.8046076999999999,1003.287,8.165018815937806,1003.2651109506712,1,1
8.28,3.914449,-7.643405400000002,0.17019884,1003.2869,8.161312576630225,1003.2657215152504,1,1
8.299999999999999,3.2691903,-8.08193,-0.53049165,1003.2594,8.146810756062086,1003.2662382526577,1,1
8.32,2.513996,-8.439422,-0.77194494,1003.23395,8.123041355732134,1003.2665786041208,1,1
8.34,2.7721202000000003,-8.134362,-0.4547385000000001,1003.23395,8.09068252242122,1003.2667618756993,1,1
8.36,3.2453353,-7.7721043,-0.39792433,1003.23145,8.050489078227683,1003.2667966917134,1,1
8.379999999999999,3.2453516,-8.496622,-0.5683614,1003.2437,8.004933537135074,1003.2667443070533,1,1
8.4,4.516793700000001,-11.351789,-0.6062353,1003.24396,7.96128750450703,1003.266615996462,1,1
8.42,8.732595,-13.391875,-2.632559,1003.2412,7.927738133386088,1003.2664111236363,1,1
8.44,12.355701,-13.491974,-5.302762,1003.2211,7.909144013844664,1003.2660669779629,1,1
8.459999999999999,13.966511,-10.789336,-4.535787,1003.2286,7.90211534830348,1003.2656280097248,1,1
8.48,15.481724,-7.357415700000002,0.26490062,1003.2665,7.903088446503419,1003.2652432765548,1,1
8.5,15.67293,-4.192423000000002,2.5374165,1003.28406,7.909627969441434,1003.2649710665302,1,1
8.52,11.643572,-7.64341,0.08973041,1003.28156,7.915881431898946,1003.2647902619127,1,1
8.54,8.039616,-9.659664,-0.45945913,1003.2916,7.919048531808584,1003.2647270180098,1,1
8.559999999999999,6.3332386,-7.6577106,-0.49259865,1003.26874,7.914018111013711,1003.2646855824324,1,1
8.58,6.2328773,-5.40313,-0.9802409,1003.2939,7.898348190534575,1003.2647541418596,1,1
8.6,6.103838400000001,-5.0361056,-1.6383219,1003.25616,7.872864333630616,1003.2647837820584,1,1
8.62,7.236666,-5.86072,-1.2595682,1003.26624,7.84153581440351,1003.2648152145233,1,1
8.639999999999999,9.46407,-8.835052000000003,-0.6204221,1003.2839,7.812565276207128,1003.2649116934764,1,1
8.66,8.890508,-9.05908,1.169184,1003.27106,7.785334922500906,1003.2650190761833,1,1
8.68,7.7146916,-6.0466166,0.26491427,1003.24835,7.7536273664111075,1003.2650539508684,1,1
8.7,7.1509785999999975,-5.6510004999999985,-2.8881714,1003.26843,7.717569580420573,1003.2650969199173,1,1
8.719999999999999,6.653906,-5.951294,-4.417382,1003.2534,7.678627561871933,1003.2650927784572,1,1
8.74,6.9455,-7.4527597,-2.3200378,1003.28107,7.638291639221468,1003.2651466370604,0,0
8.76,6.888169,-8.997125,0.018760363,1003.26324,7.598704368957184,1003.2651873626288,0,0
8.78,6.2238026,-9.006658999999997,1.0792694,1003.27826,7.559234723597398,1003.2652704092357,0,0
8.799999999999997,5.5068574,-8.220178,0.18446925,1003.2657,7.51771455155923,1003.2653453357443,0,0
8.82,5.138838,-7.872219,-0.43573546,1003.263,7.473524219938202,1003.2654030975986,0,0
8.84,5.463890599999999,-8.215411,-0.8428919,1003.2886,7.4281547096605,1003.2655376448216,0,0
8.86,5.9849143,-8.029517,-1.0417345999999998,1003.2531,7.382252133006856,1003.2656117552266,0,0
8.879999999999997,6.2095949999999975,-6.866478,-0.45466566,1003.2479,7.334381757719058,1003.2656134768615,0,0
8.9,6.4342690000000005,-6.4660873,-0.25108412,1003.2531,7.28464653263811,1003.2655699495816,0,0
8.92,6.8644795,-6.632917999999999,-0.53041136,1003.268,7.234346327166923,1003.2655402370584,0,0
8.94,7.0556965,-6.890312700000001,-0.69137883,1003.27325,7.184405532932353,1003.2655417382196,0,0
8.959999999999997,6.945788,-7.438467,-0.46412498,1003.2351,7.135588820232233,1003.2654334743879,0,0
8.98,6.6924834,-7.595764599999999,-0.09010476,1003.2528,7.087808357614884,1003.2652923319588,0,0
9.0,6.5777946,-7.424169,-0.12797755,1003.26526,7.040691307373519,1003.2651675021132,0,0
9.02,6.7642355,-7.1715417,-0.68190026,1003.26526,6.994251224271539,1003.2650575354536,0,0
9.04,6.8502984,-7.0142465,-1.0606502,1003.2552,6.948534420127245,1003.264924881786,0,0
9.06,6.9124594,-7.123878,-0.8333966999999999,1003.24,6.9038283745756495,1003.2647179394307,0,0
9.08,7.0224214000000025,-7.3431396,-0.50672036,1003.25494,6.860616814150549,1003.2644998845836,0,0
9.1,7.0654664,-7.0905130000000005,-0.67242205,1003.26276,6.818588737283736,1003.2643009477362,0,0
9.12,7.208887,-6.7663875,-0.9517495,1003.2423,6.777550470307008,1003.2640459637261,0,0
9.14,6.960362,-7.0857477,-0.7813085999999999,1003.27765,6.737597951148684,1003.2638696343852,0,0
9.16,6.759637,-7.3669753,-0.24631847,1003.275,6.69882783192278,1003.2637538990956,0,0
9.18,6.697526,-7.452774000000002,-0.08061187,1003.2524,6.661281657827593,1003.2636107613574,0,0
9.2,6.7592089999999985,-7.2096686,-0.4783435,1003.25995,6.624689936825539,1003.2634711061107,0,0
9.22,6.8213544000000015,-7.076205,-0.6345781,1003.26746,6.5889797335826135,1003.263362066753,0,0
9.24,6.783123,-7.252567999999999,-0.49254537,1003.25745,6.5543709477054914,1003.263244436136,0,0
9.26,6.706653599999999,-7.357432000000001,-0.577764,1003.27,6.520921722419164,1003.2631648177527,0,0
9.28,6.754459,-7.219202,-0.9896564,1003.26495,6.488541725366168,1003.2631008936056,0,0
9.3,6.7927046,-7.1906032999999985,-0.980187,1003.24225,6.457232202246625,1003.262969347012,0,0
9.32,6.6349792,-7.2525682,-0.7197939,1003.25226,6.426806389511187,1003.2628145587926,0,0
9.34,6.5154915,-7.257335,-0.5682924,1003.24725,6.397091201830688,1003.2626217555104,0,0
9.36,6.372105,-7.262102,-0.57776046,1003.25226,6.367921964313692,1003.2624140922104,0,0
9.38,6.4677089999999975,-7.3669661999999985,-0.6487759,1003.26215,6.339643723399853,1003.2622296501863,0,0
9.4,6.448597,-7.276402,-0.63930637,1003.27246,6.312086194050387,1003.2621035064737,0,0
9.42,6.486842,-7.1810713,-0.5730241,1003.237,6.285161625632912,1003.2619016732657,0,0
9.44,6.482071,-7.328834,-0.75293064,1003.2596,6.259140537227423,1003.261715047419,0,0
9.46,6.477298,-7.233503999999999,-0.8097429,1003.2492,6.233866760525823,1003.2615050906503,0,0
9.48,6.577681,-7.257336599999999,-0.69138205,1003.2672,6.2095013467587945,1003.2613400745233,0,0
9.5,6.7449822,-7.1620050000000015,-0.8239447,1003.2671,6.186137650238191,1003.2612150020053,0,0
9.52,6.6732917,-7.376500999999997,-0.9186321,1003.2595,6.163986112117086,1003.2610983139208,0,0
9.54,6.7019787,-7.2859364,-0.8807562,1003.2593,6.142879796300295,1003.2609887343992,0,0
9.56,6.8692800000000025,-6.9618100000000025,-0.82867706,1003.26184,6.1225166484434865,1003.2608949744904,0,0
9.58,6.9696627000000015,-6.9332113,-0.8476140999999999,1003.26434,6.102991557162416,1003.2608245303264,0,0
9.6,6.9457707,-7.085742,-0.71505004,1003.2468,6.08444495318862,1003.2607117975543,0,0
9.62,6.9792380000000005,-7.252571,-0.5588139,1003.2392,6.0671056485903225,1003.2605347444056,0,0
9.64,6.988804300000001,-7.2382717,-0.7245175,1003.2669,6.050909866711928,1003.2604012151636,0,0
9.66,6.974472500000001,-7.0571427,-0.73871994,1003.23175,6.035495613005383,1003.2601800843506,0,0
9.68,6.955360400000001,-6.9379787,-0.7434536,1003.2491,6.020625150965987,1003.2599448048607,0,0
9.7,6.7785788,-6.9046144,-0.9138857,1003.25433,6.0060118214507,1003.2597166986058,0,0
9.72,6.5969567,-6.7473187,-1.0748546,1003.2619,5.991217909477964,1003.259523003804,0,0
9.74,6.735580400000001,-6.985647,-1.1458699,1003.25684,5.9768871050451615,1003.2593421962634,0,0
9.76,6.6591144,-7.061912,-0.7387099,1003.2517,5.962940349098522,1003.259154922814,0,0
9.78,6.7642803,-6.8855495,-0.7576467,1003.2592,5.949273981847974,1003.258989610272,0,0
9.8,6.7403910000000025,-7.1620097000000005,-0.7813178000000001,1003.2415,5.936287063554263,1003.258780577513,0,0
9.82,6.5826674,-7.295474,-0.62981594,1003.2514,5.923906602738283,1003.2585693060879,0,0
9.84,6.477522,-7.2716413,-0.44990763,1003.2388,5.911903490741548,1003.2583114571547,0,0
9.86,6.587467,-7.0905128,-0.7623774,1003.25385,5.900193034981768,1003.2580675605916,0,0
9.88,6.678292999999999,-7.0142474,-0.94701827,1003.26385,5.888830885152534,1003.2578728703703,0,0
9.9,6.8551564,-7.047614,-0.9470174,1003.2236,5.878120851436603,1003.2575774597577,0,0
9.92,6.778689,-7.0142479999999985,-0.8996725,1003.2741,5.8678566320481025,1003.2573759160852,0,0
9.94,6.630525,-6.952283400000002,-0.92334354,1003.2488,5.857723065685509,1003.257166958798,0,0
9.96,6.468022,-6.594792,-0.88073295,1003.25653,5.846967555976867,1003.2569800310877,0,0
9.98,6.4345737000000005,-6.4756284000000015,-0.9612169,1003.2562,5.8354939352934405,1003.2568120536508,0,0
10.0,6.3437667,-7.233511,-0.75763667,1003.2488,5.824407214058592,1003.2566347853945,0,0
10.02,6.4823914,-7.3622084,-0.80024534,1003.2788,5.8140992220712,1003.2565579459357,0,0
10.04,6.8217672999999985,-7.567171000000001,-1.1600591999999998,1003.24854,5.805372842407462,1003.2564611859843,0,0
10.06,7.075107000000001,-7.9151297,-0.6392738,1003.23584,5.798868462729413,1003.2563014526221,0,0
10.08,7.2232910000000015,-7.2668777,-0.6345385,1003.2484,5.793582273683264,1003.2561318669935,0,0
10.1,7.0273285,-6.7568564,-1.1032436,1003.22833,5.788446268681513,1003.255881934411,0,0
10.12,7.0368977,-6.6710587,-0.50197333,1003.2283,5.783250348648277,1003.2555617990172,0,0
10.14,6.8026977,-6.8569546,-0.31733066,1003.24335,5.777926029291433,1003.2552349649068,0,0
10.16,6.9556619999999985,-6.9713526,-0.4214866,1003.23834,5.772908126248304,1003.2548853524132,0,0
10.18,7.304597,-7.1000495,-0.36940724,1003.2584,5.768878309595637,1003.2545890875454,0,0
10.2,7.371396499999999,-7.0094824,-0.80498326,1003.26105,5.765757882537353,1003.2543505671927,0,0
10.22,7.228007300000002,-6.7187223,-1.0417031,1003.2434,5.762868987973622,1003.2541003885672,0,0
10.24,7.103737,-6.8092869999999985,-1.3447045,1003.223,5.7602125821188785,1003.253767369335,0,0
10.26,6.9555683,-7.1191134000000025,-1.1269215,1003.256,5.757947664685142,1003.2534811510118,0,0
10.28,6.912555,-7.243044,-0.8759975,1003.2708,5.756107336198827,1003.2532905963576,0,0
10.3,6.8504229999999975,-6.9761167,-0.96121633,1003.24316,5.754178825272367,1003.2530857521184,0,0
10.32,6.845648,-6.7520884999999975,-1.1221856,1003.25574,5.751880378249497,1003.2529143070407,0,0
10.34,6.778736,-6.794987700000001,-1.1127163,1003.2431,5.749225545293211,1003.2527274866652,0,0
10.36,6.874337,-7.0047164,-0.8191829,1003.2631,5.746652316420902,1003.2525997532292,0,0
10.38,6.7452869999999985,-7.109580499999999,-0.65347815,1003.2428,5.744105347031523,1003.2524516088533,0,0
10.4,6.702274000000001,-6.9475183000000005,-0.5824616,1003.2554,5.741276808772295,1003.2523313226912,0,0
10.42,6.769196000000001,-6.899852799999999,-0.52564836,1003.248,5.7382288355857325,1003.2522094450765,0,0
10.44,6.773981,-6.966584700000001,-0.5777264,1003.2228,5.735110096203357,1003.2519958800141,0,0
10.46,6.812225,-7.061916,-0.5019754,1003.2404,5.732128693778387,1003.2517654287564,0,0
10.48,6.7261925000000025,-7.2764106,-0.54458463,1003.2655,5.729485164729103,1003.251611246482,0,0
10.5,6.7739964000000015,-6.9475190000000016,-0.8097108000000001,1003.253,5.726761331492457,1003.2514800105369,0,0
10.52,6.9078355,-6.733024,-1.1411188,1003.2555,5.7239275426993395,1003.2513785224178,0,0
10.54,6.8743820000000015,-6.8378882,-1.2594784,1003.2478,5.7211396860581925,1003.2512759648353,0,0
10.56,6.874387,-7.057149400000001,-0.90439755,1003.2503,5.718643186967207,1003.2511818314816,0,0
10.58,6.9556483999999985,-7.0094850000000015,-0.62033284,1003.2477,5.716415245637168,1003.2510861206572,0,0
10.6,6.9891114000000005,-7.0094850000000015,-0.6440044,1003.2327,5.714484711703954,1003.2509353605383,0,0
10.62,6.869621799999999,-6.999951400000001,-0.5303781999999999,1003.26544,5.712621458345804,1003.2508543655993,0,0
10.64,6.7405715,-7.019017999999999,-0.42622086,1003.2627,5.710655565435397,1003.2508254427553,0,0
10.66,6.7357974,-7.095283,-0.53984606,1003.2478,5.70872539484404,1003.2507889949361,0,0
10.68,6.6545460000000025,-7.276412,-0.5729865,1003.27295,5.706997689738072,1003.2508365692613,0,0
10.7,6.764647,-7.181085,-0.62504977,1003.2423,5.705472104039514,1003.2508478742856,0,0
10.72,6.869814,-7.0285554,-0.86176896,1003.23486,5.7040904533775745,1003.2508003070576,0,0
10.74,6.812467,-6.8998589999999975,-1.0038003,1003.25995,5.702595938307438,1003.2507912155496,0,0
10.76,6.7790194,-6.942758,-0.8002196999999999,1003.2601,5.700982751772994,1003.2508166939173,0,0
10.78,6.7216735,-7.1906195,-0.69606173,1003.2928,5.699543315919719,1003.2509903465049,0,0
10.8,6.8411800000000005,-7.281184,-0.7528735,1003.25006,5.698577573396215,1003.2511404366836,0,0
10.82,7.003703999999999,-7.3765154000000015,-0.5682308,1003.2421,5.698383948259952,1003.2512405107937,0,0
10.84,7.1088710000000015,-7.314551,-0.5398233,1003.23456,5.698928518386762,1003.2512688864384,0,0
10.86,6.941589,-7.2954845,-0.53508794,1003.2621,5.699853687342357,1003.2513329511667,0,0
10.88,6.6978297000000016,-7.1191225000000005,-0.62030625,1003.26483,5.700508688844665,1003.2514381481368,0,0
10.9,6.611806,-6.842663000000001,-0.7102586999999999,1003.2774,5.700397498453916,1003.251624562846,0,0
10.92,6.8125677,-6.7568645000000025,-0.6013665,1003.25214,5.699760029043815,1003.2517911344568,0,0
10.94,7.0085516000000005,-6.9046283,-0.27942586,1003.24725,5.699134556078161,1003.2519219690483,0,0
10.96,7.1997547000000015,-7.080991,-0.07111104,1003.2696,5.699054574003093,1003.2521012154043,0,0
10.98,7.0420313,-7.252587299999999,-0.099516556,1003.2597,5.699479315406821,1003.2522869531094,0,0
11.0,6.731356,-7.243054400000001,-0.43092385,1003.24207,5.699907867691821,1003.2524142899144,0,0
11.02,6.5449557,-7.271653999999999,-0.8712223,1003.2568,5.700181590240329,1003.2525425932716,0,0
11.04,6.5162873,-7.2573547,-0.9990503,1003.2794,5.700281182664247,1003.2527526487822,0,0
11.06,6.578436,-7.3193199999999985,-0.9469709,1003.282,5.700397099286102,1003.2530435442957,0,0
11.08,6.6262455000000005,-7.2764215,-0.9090947,1003.25214,5.7005201757158614,1003.253297326812,0,0
11.1,6.635816,-7.290721,-0.76232696,1003.2541,5.7006585880363,1003.2535244586667,0,0
11.12,6.6836259999999985,-7.1095924,-0.6392314,1003.22894,5.7005834624843095,1003.2536366483224,0,0
11.14,6.7983527000000015,-6.999962299999999,-0.52087027,1003.2591,5.700305318121767,1003.2537554471684,0,0
11.16,6.798364,-7.152492,-0.28414896,1003.2566,5.700057043781989,1003.2538706582187,0,0
11.18,6.707559,-7.128659700000001,-0.24153833,1003.2515,5.699668077540804,1003.2539639243332,0,0
11.2,6.812725,-7.0666943,-0.47825754,1003.2465,5.699231695586138,1003.2540194641444,0,0
11.22,6.903552499999999,-7.0666947,-0.61555433,1003.24396,5.698902081010585,1003.2540323250504,0,0
11.24,6.994380499999999,-6.918932000000001,-0.776523,1003.2767,5.698606991606888,1003.2541252925772,0,0
11.26,7.029419,-6.8331723,-0.7763784,1003.2917,5.6982708699044045,1003.2543427076303,0,0
11.28,7.2111144,-6.799808500000001,-0.8663263000000001,1003.26135,5.6981392789362255,1003.2545600418238,0,0
11.3,7.0391088,-7.042904400000001,-0.6390688,1003.28394,5.698248533144633,1003.2548578461667,0,0
11.32,6.943575,-7.061972,-0.48756206,1003.2513,5.698440906345606,1003.2551081778377,0,0
11.34,6.795472,-7.1573052,-0.5301651999999999,1003.27386,5.6986392803003,1003.255396877462,0,0
11.36,6.757300999999999,-7.095341,-0.48281503,1003.2537,5.69868937514822,1003.2556458636914,0,0
11.38,6.628305,-7.157308,-0.4733408,1003.25116,5.698517754182782,1003.2558497188144,0,0
11.4,6.6092520000000015,-7.214508,-0.46860027,1003.26636,5.698210915308378,1003.256067682213,0,0
11.42,6.561521000000001,-7.2669425,-0.54434466,1003.27136,5.697807694173663,1003.2563153270164,0,0
11.44,6.6046065999999986,-7.238344,-0.5064633,1003.2714,5.697332694686969,1003.256588450787,0,0
11.46,6.547311,-7.2335796,-0.66269284,1003.2663,5.69672809912495,1003.256864744528,0,0
11.48,6.642974400000001,-7.243114500000001,-0.6011395,1003.26843,5.696151183470466,1003.2571505125974,0,0
11.5,6.671715700000001,-7.247882400000001,-0.63427466,1003.2735,5.695652738908148,1003.2574618754179,0,0
11.52,6.7291484,-7.0858216,-0.72422147,1003.26843,5.695074208731128,1003.2577764808548,0,0
11.54,6.791349,-7.095356,-0.681606,1003.271,5.694523945763558,1003.2581020708876,0,0
11.56,6.7818559999999986,-7.0810575,-0.5395677,1003.25854,5.693947265012692,1003.2583913387856,0,0
11.58,6.877515299999999,-7.1096581999999975,-0.55376524,1003.27356,5.693531385659129,1003.2587015430807,0,0
11.6,6.8489027,-7.1287270000000005,-0.52061826,1003.2582,5.693242627892992,1003.2589738340407,0,0
11.62,6.930227,-7.0381637,-0.5395498000000001,1003.248,5.693052284836122,1003.2591749245304,0,0
11.64,6.935074,-7.000033,-0.6437006,1003.2456,5.6929133262996565,1003.2593037383588,0,0
11.66,6.8969016000000005,-7.062,-0.7005071999999999,1003.2887,5.692864398248386,1003.2595233847992,0,0
11.68,6.8061440000000015,-7.047701400000001,-0.65315783,1003.2581,5.692736060415808,1003.2597123402087,0,0
11.7,6.734514,-7.200233,-0.6058077,1003.2582,5.692658707538871,1003.2598738567841,0,0
11.72,6.720242,-7.205001400000001,-0.563192,1003.2984,5.692608457387557,1003.2601552669456,0,0
11.74,6.6820703,-7.1049050000000005,-0.5963267,1003.2806,5.692380680344797,1003.2604775220032,0,0
11.76,6.6845913,-7.152515400000001,-0.61547107,1003.26294,5.692074952966678,1003.2607711314928,0,0
11.78,6.646328,-7.190647,-0.5255196,1003.25793,5.691694477927225,1003.2610203367643,0,0
11.8,6.679760000000001,-7.219246000000001,-0.59180367,1003.25793,5.691347828056082,1003.2612294093304,0,0
11.82,6.6271553,-7.1668134000000006,-0.71963507,1003.26276,5.690896156421763,1003.2614196559756,0,0
11.84,6.689267599999999,-7.1954119999999975,-0.6296837,1003.2502,5.690471514164895,1003.26154736715,0,0
11.86,6.7322598,-7.076247,-0.6533581,1003.2729,5.689956545709653,1003.261701082222,0,0
11.88,6.775253,-7.1477447,-0.7054389,1003.2652,5.689539986577648,1003.2618495009638,0,0
11.9,6.775228,-7.123912,-0.5823465999999999,1003.2652,5.689159295091741,1003.2619927055603,0,0
11.92,6.8325567,-6.823618,-0.6012868,1003.2702,5.688451215184523,1003.262148787402,0,0
11.94,6.6843586,-7.257374,-0.59655476,1003.2474,5.687891959000003,1003.2622336056824,0,0
11.96,6.5504975,-7.281206,-0.82380855,1003.2373,5.687349989717128,1003.2622187901344,0,0
11.98,6.775121,-7.1572747,-0.648638,1003.26495,5.6869250205079425,1003.2622155314721,0,0
12.0,6.875470599999999,-7.119141,-0.4355923,1003.25494,5.6866674133278,1003.2621864602044,0,0
12.02,7.047517,-7.104841,-0.6249709,1003.25745,5.686808115049642,1003.2621437215756,0,0
12.04,7.147867,-7.014276,-0.67705166,1003.25244,5.6873223848576835,1003.2620710243256,0,0
12.06,7.0522447,-6.9475440000000015,-0.7575390000000001,1003.2979,5.687938566369299,1003.262135773348,0,0
12.08,6.937503,-6.685382400000001,-0.65811884,1003.2824,5.688078009340116,1003.2622659368,0,0
12.1,7.0665326,-6.814079,-0.47347945,1003.24976,5.688151482527967,1003.2623359278537,0,0
12.12,6.760596799999999,-7.219236,-0.6344518,1003.2749,5.688338437889402,1003.2624430026084,0,0
12.14,6.7366734,-6.833143700000001,-0.8901119000000001,1003.23944,5.68805521877412,1003.2624548030524,0,0
12.16,6.8513618,-6.9141746,-0.66286284,1003.23444,5.687606159265188,1003.2623643766341,0,0
12.18,6.4211545,-7.405129,-0.5160987,1003.2797,5.687134007714307,1003.2623468840944,0,0
12.2,6.301631,-7.4289613,-0.33619390000000005,1003.2645,5.686502854705679,1003.2623391789036,0,0
12.22,6.736567999999999,-7.038103,-0.66760445,1003.2519,5.685770643400852,1003.2622947895533,0,0
12.24,6.9898725000000015,-6.780709,-1.1221097,1003.2292,5.685029685262598,1003.2621364258807,0,0
12.26,6.8808865999999975,-6.9713945000000015,-1.0604756000000002,1003.2596,5.684386882745995,1003.2619873646063,0,0
12.28,6.9573765,-6.8855963,-0.9089734,1003.2596,5.683787845884159,1003.261847059552,0,0
12.3,7.048204400000001,-6.7854990000000015,-0.65804875,1003.26416,5.683177819872701,1003.2617314125915,0,0
12.32,7.062556,-6.804566,-0.81901747,1003.2643,5.682634268583042,1003.2616384738519,0,0
12.34,6.8713765,-6.809332,-0.63437456,1003.26935,5.681846348779208,1003.2615841146758,0,0
12.36,6.9191866,-6.961862599999999,-0.34557468,1003.2945,5.681109125118476,1003.2616545800947,0,0
12.38,7.000455400000001,-7.009528,-0.51601225,1003.24396,5.680624025679253,1003.2616531428508,0,0
12.4,6.928771,-7.1811247000000025,-0.53021425,1003.2644,5.680514945553665,1003.2616617615877,0,0
12.42,7.000481599999999,-6.8760657000000025,-0.7621988000000001,1003.28174,5.680425238724282,1003.2617416587616,0,0
12.44,7.1438875,-6.5614724,-1.1930287,1003.28436,5.680209224644053,1003.2618936819333,0,0
12.46,7.306413,-6.690170299999999,-1.1551523,1003.2463,5.680299728312925,1003.2619718723528,0,0
12.48,7.2347293000000015,-6.8427005,-0.5964913000000001,1003.26666,5.680665249542633,1003.2620578386667,0,0
12.5,7.0961275,-6.933265,-0.5112707999999999,1003.23627,5.681185493849331,1003.2620409622828,0,0
12.52,6.9862037,-6.718771,-0.86635005,1003.27155,5.681419178782535,1003.2620602828456,0,0
12.54,7.096152,-6.556708,-0.73851997,1003.2588,5.681312315525074,1003.2620656174768,0,0
12.56,7.0388064,-6.8284020000000005,-0.4923299,1003.2413,5.68117373352517,1003.2619955749336,0,0
12.58,6.895426,-7.123929,-0.23193635,1003.25366,5.6812115913981485,1003.2619036772728,0,0
12.6,6.9575752999999985,-7.004764999999999,-0.28401370000000004,1003.26624,5.681321652665638,1003.2618380872618,0,0
12.62,6.809414,-7.057197,-0.26980937,1003.26624,5.681356784004862,1003.2617959788138,0,0
12.64,6.7329497000000025,-6.8570027,-0.48759085,1003.25385,5.680934536622659,1003.2617301662656,0,0
12.66,6.9241543000000005,-7.014299,-0.5870121,1003.27374,5.680632062453624,1003.2617152496988,0,0
12.68,6.737754,-7.1525297000000005,-0.3218844,1003.2736,5.68034903961048,1003.2617448545219,0,0
12.7,6.656510400000001,-7.1620630000000025,-0.15617907,1003.25854,5.679974955624071,1003.2617594758673,0,0
12.72,6.632623,-7.1382303,-0.5586024,1003.26855,5.679482332819612,1003.2617968411748,0,0
12.74,6.8620667,-6.9380355,-0.9184159,1003.26855,5.678972778494402,1003.2618541685324,0,0
12.76,7.0352817,-7.200224,-1.0934845,1003.2636,5.6791245501109735,1003.2619111079788,0,0
12.78,7.3316913,-6.6187057000000005,-1.0745411,1003.2659,5.679464506791782,1003.261975779685,0,0
12.8,7.0449576,-6.7521706,-0.59162676,1003.2685,5.679638182311003,1003.2620564107978,0,0
12.82,6.739112400000002,-7.157328999999999,-0.32176006,1003.27875,5.679788647319776,1003.2621877533701,0,0
12.84,7.0498543000000025,-7.128731299999999,-0.12291007,1003.2481,5.680314427351569,1003.2622530917548,0,0
12.86,7.5374527,-6.737875,-0.3075465,1003.27576,5.681352840812478,1003.2623594496213,0,0
12.88,7.5661893,-6.4804825999999975,-0.41643247,1003.2635,5.682541477065728,1003.2624575334132,0,0
12.9,6.963992599999999,-6.7760105,-0.28386375,1003.2581,5.683338710982745,1003.2625285131318,0,0
12.92,6.930589,-6.8427440000000015,-0.23651473,1003.276,5.683832089998126,1003.2626397281638,0,0
12.94,7.0166836,-6.652082400000001,-0.2270406,1003.27826,5.683907830591866,1003.2627942307446,0,0
12.96,6.7825313,-7.26697,-0.2128321,1003.2555,5.6841781586528395,1003.2629044899943,0,0
12.98,6.7682505000000015,-7.0858425999999985,-0.10866982,1003.2658,5.684321856262977,1003.2630123389032,0,0
13.0,6.562773,-7.305105,0.21327473,1003.23785,5.684400795957125,1003.2630170497793,0,0
13.02,6.4576764,-7.519602000000001,0.094919935,1003.26575,5.6846091709704725,1003.2630310509301,0,0
13.04,6.4481715999999984,-7.4004397,-0.013966367,1003.278,5.684729998994845,1003.2630973105637,0,0
13.06,6.6394362000000005,-7.205012299999999,-0.21753906,1003.29333,5.684740825894249,1003.2632646952576,0,0
13.08,6.9071493,-7.014351,-0.4353177,1003.2581,5.684766270814707,1003.2633940034704,0,0
13.1,7.136634299999999,-7.0095863,-0.5157976,1003.2657,5.685142668175505,1003.2635165617947,0,0
13.12,7.141473,-7.1335177,-0.6104803000000001,1003.26544,5.686026943710351,1003.2636317787076,0,0
13.14,7.1224155,-7.166885400000001,-0.6672875,1003.29083,5.687385339328368,1003.2638314979686,0,0
13.16,7.241965299999999,-6.9619240000000016,-0.6388761,1003.2679,5.689032638314424,1003.2640226165147,0,0
13.18,7.222914999999999,-6.785564,-0.92766833,1003.27545,5.690695926354861,1003.2642326274428,0,0
13.2,7.0843444,-6.780798,-0.8187731,1003.27,5.6921324199316325,1003.26443895564,0,0
13.22,6.6924740000000025,-7.100159,-0.44948286,1003.29553,5.693211337373081,1003.2647331949948,0,0
13.24,6.716413,-7.185958,-0.35005665,1003.27515,5.694125930292097,1003.2650306853868,0,0
13.26,6.9207144,-7.3861237000000015,-0.11818345,1003.2574,5.69547443981785,1003.2652660774294,0,0
13.28,6.820345,-7.233594,-0.08504199999999999,1003.28015,5.6968269459434495,1003.2655276519597,0,0
13.3,6.638717999999999,-7.1716285000000015,-0.37384018,1003.24475,5.697840386611851,1003.2656839796676,0,0
13.32,6.3519362999999975,-7.357524400000001,-0.7005135,1003.2624,5.698478874500848,1003.2658102885035,0,0
13.34,6.079494,-7.529121000000001,-0.47326148,1003.2574,5.698666208259053,1003.2658916179524,0,0
13.36,6.0986195,-7.6387515,-0.29808795,1003.2499,5.698642201005268,1003.2659059108286,0,0
13.38,6.4427714000000025,-7.2574277,-0.7241838,1003.2902,5.698332623167772,1003.2660059987352,0,0
13.4,6.772585,-6.957134700000001,-0.99877864,1003.2599,5.697831882864963,1003.266072454814,0,0
13.42,6.8586273,-6.85227,-1.0839975,1003.2975,5.697153621900385,1003.2662443145678,0,0
13.44,6.839514,-7.0286326,-0.80940145,1003.26715,5.69649768626904,1003.266399430314,0,0
13.46,6.5718503,-7.30986,-0.53007096,1003.2697,5.6958710700271125,1003.2665483726379,0,0
13.48,6.4858212,-7.1859293000000015,-0.5206015,1003.25714,5.694960947441695,1003.266646107934,0,0
13.5,6.504946,-7.162097,-0.4637880999999999,1003.26965,5.693787569680582,1003.2667432808532,0,0
13.52,6.681806,-6.9380690000000005,-0.5063972,1003.2546,5.69230137493699,1003.2667854270333,0,0
13.54,6.810866000000001,-6.866571,-0.50166225,1003.2345,5.690624724007821,1003.2667064398607,0,0
13.56,6.533644000000002,-7.1048985,-0.6673658,1003.23926,5.688766938087468,1003.2665378396117,0,0
13.58,6.371137,-7.695952,-0.3548945,1003.2643,5.687424732059858,1003.2663808082087,0,0
13.6,6.404602,-7.686419,-0.15131454,1003.2241,5.686561403526588,1003.2660898443518,0,0
13.62,6.806112,-7.0715337,-0.7525833000000001,1003.272,5.685786448947157,1003.2658540252479,0,0
13.64,7.069007000000001,-7.0763,-1.0508503,1003.2417,5.6855365614568205,1003.265558700997,0,0
13.66,6.959078,-7.114433,-1.0461154,1003.26184,5.685646804553474,1003.2652843651653,0,0
13.68,6.8921676,-7.071534,-0.63895595,1003.26935,5.6858428680270485,1003.2650565983097,0,0
13.7,6.8443747,-6.98097,-0.46378237,1003.2616,5.685889942575929,1003.2648428997622,0,0
13.72,6.8204823,-7.0667677,-0.36909375,1003.2541,5.685889959061576,1003.2646154012863,0,0
13.74,6.930424,-7.076300999999999,-0.32174912,1003.26184,5.686018342639607,1003.2644043921887,0,0
13.76,7.0261520000000015,-6.9714399999999985,-0.3596123,1003.249,5.686248021931043,1003.2641624887384,0,0
13.78,7.030945,-7.0334059999999985,-0.28859493,1003.2438,5.686659465579266,1003.2638754378895,0,0
13.8,6.8445425,-7.1573357999999985,-0.21757804,1003.2337,5.687139618839159,1003.2635131681836,0,0
13.82,6.7011614,-7.1335034,-0.39748418,1003.2563,5.6874495964037015,1003.2631670992656,0,0
13.84,6.6868300000000005,-7.219302000000001,-0.52057797,1003.2464,5.687730007944128,1003.2628009512126,0,0
13.86,6.5721292,-7.4719296,-0.5915927,1003.2515,5.6882212569250665,1003.2624367393686,0,0
13.88,6.658178,-7.2383685,-0.7525614,1003.27655,5.6886789469293895,1003.2621657295214,0,0
13.9,6.729883,-7.2050033,-0.83777994,1003.2439,5.689169884777278,1003.2618605085942,0,0
13.92,6.677316,-7.214536,-0.8472478000000001,1003.2286,5.689630441969728,1003.2614710775516,0,0
13.94,6.658207400000001,-7.1716375,-0.8519810999999999,1003.2612,5.689971300306772,1003.2611260004036,0,0
13.96,6.548286,-7.276502000000002,-0.5347746999999999,1003.25885,5.6901652978638975,1003.2608128966341,0,0
13.98,6.7012515,-7.219303999999997,-0.38800716,1003.2534,5.690341113657912,1003.2605095517154,0,0
14.0,6.801639,-7.0810738,-0.3738029000000001,1003.2688,5.690433490824523,1003.260271361759,0,0
14.02,6.8876863,-7.033409,-0.3785363,1003.26373,5.690505544838753,1003.2600733482112,0,0
14.04,6.940275,-7.052475500000001,-0.28858155,1003.2636,5.690657857107675,1003.2599110793867,0,0
14.06,6.892489,-7.062009,-0.38326862,1003.2562,5.690831889072718,1003.2597543387677,0,0
14.08,6.8685985,-7.0953746,-0.48742473,1003.2559,5.691049127251967,1003.2596019671373,0,0
14.1,6.8064740000000015,-7.085842,-0.41640744,1003.2409,5.6911932131587495,1003.2594000044827,0,0
14.12,6.801703,-7.224072500000001,-0.45428193,1003.27106,5.691476775971849,1003.2592635262654,0,0
14.14,6.467132,-7.419502,-0.3643268,1003.2685,5.691709066798175,1003.2591761854177,0,0
14.16,6.6200956999999985,-7.181174,-0.42113876,1003.26874,5.691743424954803,1003.2591334407773,0,0
14.18,6.600987400000001,-7.2669725,-0.53949785,1003.2836,5.691719438638347,1003.2591837512264,0,0
14.2,6.6631365,-7.0953765,-0.681529,1003.2434,5.691488363664241,1003.2591713840344,0,0
14.22,6.620127,-7.367070699999997,-0.36905745,1003.2736,5.691395303124193,1003.2592123994012,0,0
14.24,6.5388837,-7.333705,-0.46374422,1003.2634,5.691268680451713,1003.2592637159413,0,0
14.26,6.5625715,-7.290800599999999,-0.37380987,1003.2582,5.691071354664634,1003.259305229859,0,0
14.28,6.509997,-7.381365,-0.3454032,1003.2635,5.690877909777669,1003.2593570127292,0,0
14.3,6.333146599999999,-7.610160400000002,-0.051869888,1003.271,5.690798262144834,1003.2594446828273,1,2
14.32,6.3235893,-7.753157000000002,0.22746018,1003.27606,5.69104130408665,1003.2595819632677,1,2
14.34,6.701196,-7.290800999999999,0.24639799,1003.23285,5.691356878891665,1003.2596070291972,1,2
14.36,7.2795553,-6.251692,0.094897315,1003.2685,5.691091895606859,1003.2596611921474,1,2
14.38,7.3990526,-6.065796,0.033350307,1003.24036,5.690255926281412,1003.2596395662384,1,2
14.4,7.3464775,-5.9942975,-0.2601826,1003.24817,5.688747071106823,1003.2595791671467,1,2
14.42,7.179187299999999,-6.251692,-0.3974801,1003.2479,5.686737888567067,1003.2594837535077,1,2
14.44,7.370381,-6.685447999999999,-0.4258863000000001,1003.2655,5.68519152993836,1003.2594211045036,1,2
14.46,7.695410300000002,-7.133505,-0.36433882,1003.2529,5.685181227005879,1003.2593422718672,1,2
14.48,8.436283,-7.6435266,0.0854299,1003.2655,5.688367237668924,1003.2592947831712,1,2
14.5,8.775652000000001,-8.491974,1.0843893999999998,1003.2528,5.696185696736599,1003.2592294409396,1,2
14.52,6.533926,-8.839932000000003,1.2453594,1003.2553,5.705581601064937,1003.2591575585568,1,2
14.54,3.254983,-10.150736,-0.35486904,1003.2528,5.715512079745383,1003.2590711560722,1,2
14.56,1.3143853,-11.166012,-1.5858139999999998,1003.2654,5.727310469747003,1003.259017594675,1,2
14.58,1.1231958,-12.371951,-2.253365,1003.2224,5.743358912585098,1003.2588384444837,1,2
14.6,3.5513387,-11.799964,-1.6284233,1003.2503,5.762698328846011,1003.2586494089743,1,2
14.62,5.3915653,-10.479629,-1.3490932,1003.2477,5.783696030861599,1003.2584429593263,1,2
14.64,6.6868944,-8.811334,-1.8414711,1003.2477,5.804735357421326,1003.2582218657634,1,2
14.66,7.193556299999999,-7.919987700000001,-1.8462052,1003.2196,5.824995225993497,1003.2578874687746,1,2
14.68,7.4516683000000015,-7.314635000000001,-0.9182616,1003.2298,5.843713501708211,1003.2574908807076,1,2
14.7,7.394313,-6.8379793000000015,-0.3832737,1003.25775,5.860163840812705,1003.2571413883212,1,2
14.72,7.399095,-6.9380765,-0.17022523,1003.2499,5.8746878827202,1003.2568065078508,1,2
14.74,8.168647,-6.0228977,0.11857368,1003.2347,5.88746817846291,1003.2564310240384,1,2
14.76,8.896438999999997,-5.3413115,0.61580175,1003.2245,5.899171506348826,1003.2559842948557,1,2
14.78,10.134472,-5.1506504999999985,0.06661656,1003.2397,5.911904383860098,1003.255530941488,1,2
14.8,11.138284,-5.6606736,-0.84711874,1003.2245,5.927900589618987,1003.2550186470627,1,2
14.82,11.425121,-7.8818902999999985,0.1991893,1003.2319,5.949546642083843,1003.2544827565796,1,2
14.84,11.047561,-8.034421,0.66789937,1003.25464,5.9756807946995565,1003.2540098098247,1,2
14.86,9.809651,-5.879939,0.3033557,1003.2368,6.001040014884434,1003.2535299587573,1,2
14.88,10.192092,-8.029657,-1.7466365,1003.2544,6.02905523853029,1003.253109094502,1,2
14.9,10.67489,-10.918192,-2.7219203,1003.2594,6.064342420137932,1003.252759866106,1,2
14.92,10.273448,-13.596997,-1.5572511999999998,1003.2696,6.10925877748142,1003.2525119123774,1,2
14.94,9.871998,-12.858183,0.34125015,1003.2622,6.160654466193957,1003.2523276975779,1,2
14.96,8.371189999999999,-12.109835,0.052455988,1003.2697,6.214487764906711,1003.2522274656703,1,2
14.98,6.731775999999999,-11.318588,-1.1264054,1003.2493,6.267154276199851,1003.2521283618801,1,2
15.0,5.2644267,-10.031619,-1.3773242,1003.2521,6.3148490344481685,1003.2520406916684,1,2
15.02,3.9500344,-8.711285,-0.53932965,1003.2772,6.3541707275166175,1003.2520537997792,1,2
15.04,3.2761316000000003,-7.5768447,0.23238286,1003.23425,6.383204423921742,1003.2520012884264,1,2
15.06,2.497077,-7.2002880000000005,-0.018535707,1003.2163,6.401719046375455,1003.2518263647572,1,2
15.08,1.8136051,-7.3051534,-0.27892426,1003.22943,6.41068751240426,1003.2515911752896,1,2
15.1,1.9044846,-7.858075,-0.80917186,1003.21936,6.412423056642608,1003.2512673296452,1,2
15.12,2.9560947,-9.4072075,-1.1216377,1003.23956,6.411499171506086,1003.250939033247,1,2
15.14,4.4952445,-12.519771,-0.12267339,1003.23175,6.4152509715521475,1003.25057987003,1,2
15.16,7.4874554,-16.056557,2.604349,1003.2117,6.432689984798395,1003.2501225458792,1,2
15.18,10.713877,-15.189045000000002,3.3997333,1003.2443,6.464215660483631,1003.2496974930943,1,2
15.2,12.659307,-11.52833,3.1961586,1003.24646,6.505002557064457,1003.2493102614787,1,2
15.22,12.922249,-9.268984,2.2918923,1003.2266,6.551018667373949,1003.2488863466816,1,2
15.24,13.075255,-8.477736,2.533352,1003.2239,6.600908999696188,1003.2484218247188,1,2
15.26,11.745855,-8.70175,3.1440337000000005,1003.2393,6.6523065437403845,1003.2479785345438,1,2
15.28,8.7154875,-7.624509,2.7605495,1003.244,6.698515832090273,1003.2475725206206,1,2
15.3,7.080819,-6.4281034,1.6953106,1003.2339,6.735418747253887,1003.2471645456436,1,2
15.32,6.435571,-6.151644,0.49750853,1003.2438,6.762311583892831,1003.24679194659,1,2
15.34,6.2587447,-6.8046627000000015,0.043008108,1003.2415,6.780945947386923,1003.2464436670582,1,2
15.36,6.8132286,-6.5282035,-0.25052255,1003.2413,6.792619071390388,1003.2461174100624,1,2
15.38,8.2376375,-5.536760299999999,-0.32153618,1003.2488,6.7991204795795355,1003.2458387867047,1,2
15.4,10.402915,-6.2565107000000015,0.80998904,1003.23895,6.805675622988884,1003.2455677954739,1,2
15.42,14.169428,-5.3985314,-1.4151789,1003.22363,6.8186200011267735,1003.2452493715587,1,2
15.44,13.815748,-5.7131248,-2.3525884,1003.226,6.836966833035572,1003.2448987144496,1,2
15.46,12.936288,-8.882885,-2.4046648,1003.2311,6.8615618889887084,1003.2445391984558,1,2
15.48,11.401998,-13.058391,-1.4861879,1003.26135,6.894756238373644,1003.2442820490094,1,2
15.5,9.953743,-13.4301815,0.682172,1003.2965,6.9340394897647775,1003.244242816382,1,2
15.52,9.891634,-11.919184,3.4754734,1003.29395,6.976781537582745,1003.2443870962936,1,2
15.54,9.404112,-12.767632,3.6127727,1003.2965,7.023235075824081,1003.2447021884767,1,2
15.56,6.426321,-14.006937,4.7774386,1003.271,7.072532299627492,1003.2450752760511,1,2
15.58,3.7592237,-12.1146145,3.996265,1003.2612,7.118271848730629,1003.2454629852383,1,2
15.6,3.9839013,-9.5025425,2.9452295,1003.25336,7.1553354390626565,1003.245833994329,1,2
15.62,4.36631,-7.586386999999997,2.817403,1003.24365,7.181437934843007,1003.2461539555819,1,2
15.64,4.1512456,-7.5005894,2.007822,1003.2387,7.1969491828923475,1003.2464098391052,1,2
15.66,3.5107772000000006,-7.052534,2.187732,1003.21075,7.2017397812448,1003.2465075623654,1,2
15.68,3.3435125,-7.40526,2.0267646,1003.2612,7.197451628408968,1003.2466468034137,1,2
15.7,3.5634084,-8.0630455,1.4633727,1003.2359,7.186324911619626,1003.2467311483116,1,2
15.72,4.294745,-8.968691999999997,0.6727297,1003.2333,7.1713379434747075,1003.2467573233293,1,2
15.74,5.924683,-9.593111,-0.6529014,1003.23834,7.1557529172561845,1003.2467501492113,1,2
15.76,6.898553999999999,-10.656024,-0.8755290000000001,1003.2459,7.142668208711728,1003.2467407496233,1,2
15.78,7.5772634,-11.242311,-0.69562376,1003.22327,7.133608655230622,1003.2466479494484,1,2
15.8,10.129657,-10.779954,-1.7040541,1003.2329,7.130871558740367,1003.246516458596,1,2
15.82,10.239569,-10.031603,-5.0134053,1003.22327,7.134345531458585,1003.246316586028,1,2
15.84,8.776928,-8.010583,-5.0749545,1003.2459,7.1385878331313934,1003.2461384789173,1,2
15.86,8.188988,-5.66067,-3.0675688,1003.2657,7.1382886227551925,1003.24605152495,1,2
15.88,7.581930000000002,-5.7226343,-2.1538305,1003.27075,7.132571207871307,1003.2460636069346,1,2
15.9,6.764559700000001,-8.80183,-1.6093765,1003.2634,7.125156185170852,1003.2461366935913,1,2
15.92,6.291338,-10.570222,-0.7240446999999999,1003.26074,7.118564764982254,1003.2462538448643,1,2
15.94,6.7310567,-10.298528,0.8383068000000001,1003.28577,7.112744603616849,1003.2464996178876,1,2
15.96,7.500582,-7.9009485,1.2501979,1003.23785,7.104787820783487,1003.2466856443064,1,2
15.98,7.753889,-5.827496,-0.5252059,1003.2479,7.092369772022518,1003.2468543889308,1,2
16.0,7.701291,-6.0419908,-1.3300567,1003.2556,7.076396711175059,1003.2470349758806,1,2
16.02,8.007175,-6.48528,-0.9655096,1003.2632,7.05831829233205,1003.2472527365964,1,2
16.04,9.598828,-6.5186449999999985,0.12813587,1003.28577,7.0410521644913375,1003.2475838121127,1,2
16.06,10.401812,-7.000066800000001,2.0408332,1003.27826,7.026850504696784,1003.2479867847161,1,2
16.08,10.134121,-6.5663095,3.5037625,1003.2731,7.015138808282237,1003.2484332588828,1,2
16.099999999999998,9.713477,-7.019132000000001,4.322812,1003.26807,7.0060153609644615,1003.2488984557248,1,2
16.12,9.412327,-8.153571000000001,4.071887,1003.2807,6.9999634680579605,1003.2494239892136,1,2
16.14,8.714450999999999,-9.63597,3.981931,1003.2831,6.997659468083526,1003.2500095842433,1,2
16.16,9.001218,-10.212724,3.4611444,1003.28033,6.9996269607986905,1003.2506361695081,1,2
16.18,8.671389999999999,-11.247066,3.1107965,1003.27057,7.006384382937509,1003.251261582038,1,2
16.2,8.045214,-10.198422,2.3248835,1003.268,7.014559939137803,1003.2518744548539,1,2
16.22,7.275639,-9.864763,2.5426636,1003.273,7.022550722199321,1003.2524920412367,1,2
16.24,6.6972613,-9.95056,2.6089432,1003.2402,7.0298431272048045,1003.252993489216,1,2
16.259999999999998,5.9866642999999975,-10.026865,2.3344939,1003.25543,7.0357319800986025,1003.2534453400896,1,2
16.28,5.2267175,-9.240383,2.6611717,1003.2454,7.038354737120862,1003.2538156322968,1,2
16.3,5.0499067,-8.329972,2.4717991,1003.25543,7.03622237985092,1003.2541486342152,1,2
16.32,4.8013987999999985,-8.396705,1.4444371,1003.2528,7.029334760537754,1003.2544380196267,1,2
16.34,4.7918806,-8.7065325,0.26557416,1003.2326,7.018606581530911,1003.2546151037061,1,2
16.36,4.7011065,-9.564514,-0.04215834,1003.23505,7.006011357284603,1003.2547011408252,1,2
16.38,4.849319,-9.330953,0.3650041,1003.2049,6.99153047073754,1003.2545978791163,1,2
16.4,5.4229374,-8.253713000000001,0.3792111,1003.23254,6.974107304515175,1003.2544272287056,1,2
16.419999999999998,6.0921515999999984,-8.125016,-0.29307047,1003.2379,6.9547215988576285,1003.2542169439796,1,2
16.44,6.469795,-8.859067,-0.86592984,1003.24786,6.935427072057547,1003.2540082513973,1,2
16.46,6.91914,-9.402456,-1.4577266000000002,1003.25543,6.917863137692691,1003.2538289689262,1,2
16.48,6.9096212,-10.4225,-1.40091,1003.2301,6.903592780122992,1003.2535851306468,1,2
16.5,6.9192233,-9.821915,-2.1442075000000003,1003.2451,6.891496579094534,1003.2533391286728,1,2
16.52,7.8800025,-8.453914,-2.5466285,1003.26025,6.880595922256608,1003.2531466404657,1,2
16.54,8.200292,-7.224142999999999,-2.2862325,1003.23004,6.869400221330611,1003.2528933739796,1,2
16.56,7.698453999999999,-6.7093563,-3.0105925,1003.2501,6.856905936292697,1003.2526595315666,1,2
16.58,7.0914607000000025,-7.1621795,-3.2567778,1003.2524,6.843196356682537,1003.2524519740966,1,2
16.599999999999998,6.8572893,-8.182224,-1.9074687,1003.2501,6.8289875545494745,1003.2522601092096,1,2
16.62,6.307654,-8.420553,-0.10365674,1003.2627,6.8137169270813445,1003.252128161002,1,2
16.64,6.905171000000001,-8.201292,0.6727895,1003.2552,6.7980216981443276,1003.2520226301863,1,2
16.66,6.957788000000001,-8.387189,1.8516598,1003.2649,6.782655210427045,1003.2519757416887,1,2
16.68,6.283878,-7.5673428,3.2199068,1003.2675,6.7661716029222525,1003.2519901983422,1,2
16.7,7.3689356,-6.8380604000000025,2.6849227000000004,1003.23474,6.7488753620012725,1003.2519408715273,1,2
16.72,7.842178,-7.719874000000001,0.47395957,1003.2498,6.732189815090456,1003.251889579216,1,2
16.74,7.9521527,-8.54449,-0.34508884,1003.2244,6.7174818213278655,1003.2517452948448,1,2
16.759999999999998,7.6028266,-8.334750999999999,-0.34039107,1003.22943,6.703761621745143,1003.2515374701128,1,2
16.78,7.014933,-7.810430499999999,0.33663085,1003.2423,6.68933621608026,1003.2513205812868,1,2
16.8,6.4748397,-7.371908,-1.1925796999999998,1003.2449,6.673051548637107,1003.251105824228,1,2
16.82,5.499783,-7.8104315,-3.422482,1003.2398,6.655729802476188,1003.2508753639237,1,2
16.84,5.0648456,-7.767533999999999,-4.307813,1003.25745,6.6377153209780095,1003.2506953978883,1,2
16.86,6.23592,-8.167925,-2.7312548,1003.2473,6.620002299816012,1003.2505241564672,1,2
16.88,6.307641,-8.6302805,-1.1357582,1003.2674,6.6028620886657725,1003.2504336005844,1,2
16.9,5.6719513,-7.56734,-0.18887499,1003.2423,6.58360670954736,1003.250324304444,1,2
16.919999999999998,6.4319625,-7.1907820000000005,-0.19834174,1003.2496,6.562948209788487,1003.2502251228784,1,2
16.94,6.618398700000001,-7.4005113,-0.6291704,1003.2521,6.5417446850961625,1003.2501442356046,1,2
16.96,6.5276074,-6.6235633,-0.58182406,1003.22723,6.518825471805169,1003.2499902723613,1,2
16.98,6.9243546,-6.4472013,-0.0894438,1003.2697,6.4947717635304425,1003.2499251854592,0,0
17.0,6.795323,-7.290882000000001,0.78642315,1003.2521,6.4709163323282946,1003.2498755040046,0,0
17.02,6.1357339999999985,-7.4910784,1.0894271999999998,1003.25964,6.446795410447477,1003.2498667576573,0,0
17.04,5.5669613,-7.8295045,0.90478766,1003.2195,6.422329592966911,1003.2497497090567,0,0
17.06,5.1941595000000005,-8.596919999999999,0.5781158000000001,1003.23956,6.39850227778054,1003.2496096019612,0,0
17.08,5.1941833,-8.720852,-0.3356221,1003.21674,6.375522816652224,1003.249367472764,0,0
17.099999999999998,5.600489,-7.553045299999999,-0.5439338,1003.2294,6.351842453997687,1003.2490816445036,0,0
17.12,6.523015,-6.733198599999999,-0.35928982,1003.2343,6.327551181882738,1003.2487758727324,0,0
17.14,7.153973,-7.1335897,-0.8706033000000001,1003.26215,6.304384416371574,1003.2485538396536,0,0
17.16,7.240034,-7.7389436,-1.0599774,1003.2316,6.283355101863501,1003.2482966174024,0,0
17.18,7.3404284,-7.743710000000001,-0.85639626,1003.26746,6.264401826847181,1003.2481383239988,0,0
17.2,7.3882546,-7.138358,-0.4255628,1003.25726,6.2464740105478604,1003.2480312939807,0,0
17.22,7.2879033,-7.009662,-0.7995786,1003.23706,6.229228311607143,1003.2478972255984,0,0
17.24,7.144533,-7.1478925,-0.85638916,1003.23694,6.212645561537209,1003.2477393167636,0,0
17.259999999999998,6.923641,-7.352829499999999,-0.34043255,1003.24194,6.196630961626835,1003.247578910977,0,0
17.28,6.6989727,-7.457692999999999,0.2797728,1003.262,6.1810165267760135,1003.2474890923444,0,0
17.3,6.3595886,-7.72462,0.44074097,1003.23944,6.165784584824631,1003.247380751868,0,0
17.32,6.216177,-7.791351299999999,0.34131685,1003.24695,6.150857493114447,1003.2472834715164,0,0
17.34,6.3165345,-7.6864867,0.3223776,1003.2593,6.136214089104233,1003.2472407741003,0,0
17.36,6.373876,-7.648353599999999,0.19454712,1003.2164,6.1218820888531935,1003.2470920198767,0,0
17.38,6.259143,-7.672186,-0.08478436,1003.24445,6.1077601523927925,1003.2469510693733,0,0
17.4,6.1635303,-7.696018,-0.2694277,1003.2441,6.0937951577648075,1003.2468162616586,0,0
17.419999999999998,6.0870357,-7.6435857,-0.84229225,1003.2291,6.079902405372606,1003.24663336702,0,0
17.44,5.6855129999999985,-7.7722826,-1.2257806999999998,1003.26984,6.065915825194442,1003.2465553051961,0,0
17.46,5.59946,-8.015376,-0.9133116,1003.234,6.052130678295335,1003.2464411306696,0,0
17.48,5.5994425,-7.948643700000001,-0.8707035,1003.23895,6.038451980679832,1003.2463132779877,0,0
17.5,6.593624,-7.314691499999999,-1.1642383,1003.2415,6.025238016839296,1003.246182979557,0,0
17.52,6.593607400000002,-7.7007823,-1.2968031,1003.2441,6.013114291643197,1003.2460603491372,0,0
17.54,6.7608824000000025,-7.6292834,-0.3262518,1003.23663,6.001953017984557,1003.2459180436416,0,0
17.56,7.344001299999999,-7.047764,0.20399988,1003.2618,5.99164410351361,1003.2458494775484,0,0
17.58,7.530396499999997,-6.695038,-0.09900352,1003.23364,5.981909288984138,1003.2457449384294,0,0
17.599999999999994,7.4586815999999985,-6.7331699999999985,-0.21736522,1003.244,5.972662533584077,1003.2456462858853,0,0
17.62,7.487344,-6.6807375,0.00515024,1003.23895,5.9638469780124295,1003.2455350098683,0,0
17.64,7.559023,-6.652137299999999,0.24660325,1003.2767,5.955522518851602,1003.2455488803442,0,0
17.66,7.544664999999997,-6.4757742999999985,-0.018525165,1003.249,5.947392730897117,1003.2455735603273,0,0
17.68,7.573327000000001,-6.6521363,-0.28838772,1003.2491,5.939758074972754,1003.2456080627434,0,0
17.7,7.621108500000001,-6.6855020000000005,-0.42095256,1003.24146,5.932718372401912,1003.2456236160524,0,0
17.72,7.439458,-6.7903657000000015,-0.7618313,1003.2591,5.9261353318799825,1003.245685873938,0,0
17.74,7.0331573,-7.0954247000000015,-0.88492745,1003.26404,5.9198306616613685,1003.2458069598599,0,0
17.759999999999994,6.8475804,-7.219376,-0.9132574,1003.24646,5.913716729805612,1003.2459163023246,0,0
17.78,6.5799284,-7.462471000000002,-1.0032097,1003.24396,5.9078086873302125,1003.2460058746384,0,0
17.8,6.2979355,-7.5482693,-0.9037856,1003.22614,5.90183888119586,1003.2460135035859,0,0
17.82,6.0016055,-7.6674333,-0.88011205,1003.26135,5.89563778059178,1003.2460754559114,0,0
17.84,5.786529,-7.624535000000002,-0.8185634,1003.2462,5.888901214670511,1003.2461306453447,0,0
17.86,5.8917007,-7.5911694,-0.7238739000000001,1003.23645,5.881777813728036,1003.2461445604048,0,0
17.88,5.9442954000000015,-7.5435047000000015,-0.638653,1003.2287,5.874315050433776,1003.2460940553343,0,0
17.9,6.192863,-7.548271700000001,-0.69546425,1003.2337,5.8669181042586365,1003.2460048104547,0,0
17.919999999999995,6.3171515,-7.390975,-0.94638634,1003.25397,5.85956523208433,1003.2459546283618,0,0
17.94,6.235913,-7.5006059999999986,-0.7664774000000001,1003.24115,5.852310155414204,1003.2458929908023,0,0
17.96,6.6039734,-7.3766766000000015,-0.70019424,1003.2414,5.8454612838260624,1003.2458223530876,0,0
17.98,7.0007133,-7.0573172999999985,-0.8801002,1003.25366,5.839107948002801,1003.245788153132,0,0
18.0,7.301858,-6.9000216,-0.88009876,1003.2236,5.83343409252408,1003.2456780566997,0,0
18.02,7.36879,-7.0001197,-0.56762654,1003.2389,5.828578078184725,1003.2455563744884,0,0
18.04,7.4309435,-6.890489,-0.47767138,1003.2538,5.824390911805723,1003.245478533138,0,0
18.06,7.373603299999999,-6.7236600000000015,-0.41612256,1003.2537,5.820482018913123,1003.2454393498016,0,0
18.08,7.287585000000001,-6.804692,-0.43979302,1003.23346,5.816818024712237,1003.245361601746,0,0
18.1,7.1776633,-6.766560000000001,-0.5392142,1003.2661,5.813173226756032,1003.2453675617984,0,0
18.12,7.0056067,-7.062086999999999,-0.46819657,1003.2739,5.8097235176158275,1003.2454755448776,0,0
18.14,6.9530454,-7.2527490000000014,-0.619696,1003.2638,5.806682847899326,1003.2456369267653,0,0
18.16,6.933942,-7.3337812000000016,-0.68597627,1003.25616,5.8041178683747425,1003.2458174068643,0,0
18.18,6.7427673,-7.243217,-0.85167885,1003.2333,5.801600931670056,1003.2459318164156,0,0
18.2,6.460775,-7.290883,-1.0173815000000002,1003.2411,5.7988488400311935,1003.2460155141556,0,0
18.22,6.312616,-7.186019,-0.94162977,1003.22845,5.795517685065982,1003.2460262336282,0,0
18.24,6.283953,-7.3719160000000015,-0.7853929000000001,1003.2609,5.7919100224776825,1003.2460892509127,0,0
18.26,6.1307316,-7.3862085,-0.7948861,1003.2636,5.787890975474969,1003.2462079716825,0,0
18.28,5.987342,-7.719867,-0.31671086,1003.2558,5.783819687094507,1003.246347404656,0,0
18.3,6.1976585,-7.629303500000002,-0.39246088,1003.266,5.779846862814792,1003.2465413569753,0,0
18.32,7.0962667,-7.023950599999999,-0.7712128,1003.24835,5.776343508502357,1003.2467192443588,0,0
18.34,7.1727490000000005,-6.714124000000001,-1.3109345,1003.2358,5.7730546657727775,1003.2468371163716,0,0
18.36,7.187092999999999,-6.8094554,-1.0316043,1003.2888,5.770055178395367,1003.2470923344632,0,0
18.38,6.8859705999999985,-7.2050804999999984,-0.5392256,1003.25085,5.767377770314328,1003.2473313727646,0,0
18.4,6.503591,-7.252745599999999,-0.6244445,1003.2609,5.764538568974527,1003.2475914340655,0,0
18.42,6.799944,-6.809456,-0.76174164,1003.2484,5.761341732128661,1003.247824135069,0,0
18.44,6.852525999999999,-6.7093587,-0.7806789000000001,1003.23834,5.757775039983088,1003.2479956067892,0,0
18.46,6.6613398,-6.909553999999999,-0.4871453,1003.2633,5.753869594910662,1003.2482022150166,0,0
18.48,6.647005,-7.267046499999997,-0.13679896,1003.2583,5.750176477676185,1003.2484211260723,0,0
18.5,6.3172035000000015,-7.4958405,-0.40665948,1003.2558,5.746604843799836,1003.2486411198273,0,0
18.52,6.479722,-7.405276299999999,-1.0031941,1003.2075,5.743319168401596,1003.2486873982778,0,0
18.54,6.8047533,-7.062084,-1.3866804,1003.2358,5.740326266490543,1003.2486818952827,0,0
18.56,7.220602,-6.880955,-1.3819456,1003.2634,5.737945583013555,1003.2487300180136,0,0
18.58,6.9146990000000015,-7.1526494000000005,-1.216241,1003.2633,5.736017009304353,1003.2488249911934,0,0
18.6,6.623136,-7.181248700000001,-0.84222245,1003.2859,5.734043373214768,1003.2490423795268,0,0
18.62,6.799994,-7.057318,-0.7096585999999999,1003.2961,5.732079763420859,1003.2494038712924,0,0
18.64,7.0963464000000025,-6.6712275,-0.6481109,1003.26825,5.729997762673575,1003.2497911314792,0,0
18.66,6.89082,-6.904789,-0.56289124,1003.2276,5.727839173594375,1003.2500534265073,0,0
18.68,6.6613946,-7.104984,-0.2930297,1003.2659,5.725563646311303,1003.2503422380584,0,0
18.7,6.6900783,-7.038253,-0.3214357,1003.2301,5.7231349476861215,1003.250524559888,0,0
18.72,6.9720917,-6.8714232000000015,-0.78067243,1003.2531,5.720796528172536,1003.2506949310413,0,0
18.74,6.6518497000000005,-7.324246400000002,-0.6102335,1003.2479,5.718738850445138,1003.2508354092404,0,0
18.76,6.3795958,-7.2861185,-0.8422014000000001,1003.2251,5.716537756139793,1003.2508668883037,0,0
18.78,7.005763000000001,-6.8475956999999985,-1.2446247,1003.2733,5.714538529760637,1003.2509754624064,0,0
18.8,7.254324400000002,-6.8428297,-1.296702,1003.2426,5.713101488424725,1003.2510412468187,0,0
18.82,6.848053,-7.0382586,-0.9842302,1003.2734,5.7117773545105885,1003.2511798654367,0,0
18.84,6.8719645000000025,-7.0668583,-0.80905616,1003.26044,5.710601650510457,1003.2513356853324,0,0
18.86,7.039272,-7.000126400000001,-0.7001635,1003.28033,5.709689585184034,1003.251577747325,0,0
18.88,7.0631824000000005,-7.0144267000000005,-0.472911,1003.2428,5.709042036379018,1003.2517600334113,0,0
18.9,7.029736,-7.1240582,-0.52972275,1003.26025,5.7087486334581685,1003.2519516652768,0,0
18.92,6.8481174,-7.0859256,-0.8374579,1003.2778,5.708493476617599,1003.2522140451981,0,0
18.94,6.6999545,-7.300420799999999,-0.8185191999999999,1003.22504,5.7083827718203946,1003.2523480575336,0,0
18.96,6.728646799999999,-7.081159,-0.58179766,1003.23773,5.708073552645548,1003.2524138458264,0,0
18.98,6.790795,-6.990595,-0.77590746,1003.2727,5.707571908965727,1003.2525450065167,0,0
19.0,6.7764683,-7.104993,-0.98895437,1003.2679,5.707091866987463,1003.2527161780797,0,0
19.02,6.6808853,-7.224157300000001,-0.67648244,1003.27783,5.706622193615744,1003.2529578350312,0,0
19.04,6.5183854000000006,-7.3480883000000015,-0.61966836,1003.2652,5.7061198561742765,1003.2532154349077,0,0
19.06,6.7478275,-7.1145270000000025,-0.7759027,1003.2173,5.705578208499192,1003.2533137545928,0,0
19.08,6.7717395000000025,-7.01443,-0.8942616,1003.2652,5.704909176585301,1003.25344342035,0,0
19.1,6.685716,-7.0811615,-0.8753228000000001,1003.2654,5.7041033844750215,1003.2536010366997,0,0
19.12,6.695287,-7.0859289999999975,-0.7569617,1003.25494,5.703179908281274,1003.253745126774,0,0
19.14,6.71442,-7.0334973,-0.71435076,1003.28,5.702097611893582,1003.2539669623076,0,0
19.16,6.8960657,-6.9905977,-0.67173994,1003.2476,5.7010710595432945,1003.2541400551207,0,0
19.18,6.8865175,-7.0525637,-0.6007228,1003.25995,5.700165788232582,1003.2543139157318,0,0
19.2,6.738356,-7.1240625,-0.6622689,1003.27765,5.699273119083783,1003.2545515488713,0,0
19.22,6.7144685,-7.0382648,-0.8090344,1003.2475,5.698254689769031,1003.2547361359372,0,0
19.24,6.7192607,-7.0239654000000025,-0.7758925,1003.2675,5.697108647900171,1003.2549451869792,0,0
19.26,6.6230145,-7.1288137,-0.58657575,1003.27,5.695847771195346,1003.2551841018068,0,0
19.28,6.5178447,-7.2098445999999985,-0.4682169,1003.2599,5.694453153711097,1003.2554121841824,0,0
19.3,6.6325460000000005,-7.124047,-0.7144073000000001,1003.27,5.693006137171388,1003.2556662339059,0,0
19.32,6.670770599999999,-7.24321,-0.6907365,1003.26495,5.691749614017294,1003.2559241337998,0,0
19.34,6.5990600000000015,-7.195544,-0.67653453,1003.23224,5.6904905005557085,1003.2560667512644,0,0
19.36,6.680301700000001,-7.004881,-0.8611776,1003.2877,5.689090333373345,1003.2563066477513,0,0
19.38,6.713747,-7.114512,-0.7380844,1003.27765,5.68776205352539,1003.2565954563554,0,0
19.4,6.8093305,-7.238442,-0.5581781,1003.275,5.6868005520950895,1003.256916903995,0,0
19.42,6.8140955000000005,-7.3862047,-0.32619366,1003.2674,5.6863765127312895,1003.2572386742752,0,0
19.44,6.5320745,-7.510134700000001,-0.62446237,1003.2797,5.686259299066888,1003.2576038512668,0,0
19.46,6.2452717,-7.672198,-0.6812765000000001,1003.26215,5.686295541804216,1003.2579428877926,0,0
19.48,6.2595983,-7.533967,-0.6812776999999999,1003.2597,5.686264739494977,1003.2582487860707,0,0
19.5,6.369519,-7.205075,-0.8943271999999999,1003.2898,5.685841470265562,1003.2586326621592,0,0
19.52,6.5989356,-7.2241399999999985,-0.83278126,1003.2722,5.685408426893263,1003.2590206974871,0,0
19.54,6.4364104000000015,-7.5196667,-0.6434062,1003.2697,5.685174592293396,1003.2594020109924,0,0
19.56,5.9106164,-7.9724894,-0.26465517,1003.2694,5.685136395081765,1003.2597749323655,0,0
19.58,5.8771453000000005,-7.920057300000002,0.019407893,1003.2646,5.6851349337351325,1003.2601218159346,0,0
19.6,6.560642999999999,-7.567331299999997,-0.29306406,1003.2849,5.6854925086057735,1003.2605175237187,0,0
19.62,7.530928999999999,-7.200305499999999,-0.837522,1003.25934,5.687066396333845,1003.2608629320314,0,0
19.64,7.774685400000001,-6.7760820000000015,-1.467199,1003.25684,5.6896349528894286,1003.2611536522612,0,0
19.66,7.7842316999999985,-6.675984,-0.9038061,1003.2845,5.6928188791527,1003.261494579508,0,0
19.68,7.172403,-6.914311,-0.8091191999999999,1003.2795,5.695912859537933,1003.2618606423372,0,0
19.7,6.9907565,-7.033475,-0.34041438,1003.25964,5.698764977077472,1003.2621761011404,0,0
19.72,6.7804316999999985,-7.309935,-0.48244774,1003.25684,5.701516942711868,1003.2624356305748,0,0
19.74,6.8712344,-7.4624643,-0.042149413,1003.29706,5.7045073622579485,1003.2627895985132,0,0
19.76,7.2397394,-7.8342667,-0.05157609,1003.2873,5.708785127968106,1003.2631906020288,0,0
19.78,6.5514526,-7.6197724,0.6964603,1003.29706,5.7129498986278335,1003.263666858568,0,0
19.8,5.762789700000001,-7.486308599999999,-0.117856875,1003.277,5.715700981820254,1003.2641356781552,0,0
19.82,5.2370160000000014,-7.6054726,-0.9700493,1003.292,5.716853749460933,1003.2646502387007,0,0
19.84,5.7914786,-7.3337793000000016,-1.0836746000000002,1003.3045,5.716844654606294,1003.2652483635396,0,0
19.86,6.178648,-7.176483,-0.82328176,1003.26416,5.7160128826154875,1003.2657729485388,0,0
19.88,6.527579,-7.4672427,-0.32143447,1003.2845,5.7153255201503566,1003.266303889229,0,0
19.9,6.4080877,-7.719870599999999,-0.60549825,1003.32495,5.715034021359253,1003.2669841544217,0,0
19.92,6.388974,-7.386211999999999,-0.3924496,1003.2845,5.7145170014879465,1003.26764829379,0,0
19.94,6.455897,-7.243214999999997,-0.5676220999999999,1003.287,5.713689105608809,1003.2683047934784,0,0
19.96,6.2981677000000005,-7.309947,-0.6528409000000001,1003.29456,5.712489113742706,1003.2689793953464,0,0
19.98,6.2886133,-7.567342,-0.3072289,1003.30206,5.71132435514037,1003.269694563734,0,0
20.0,6.2790589999999975,-7.748470299999997,-0.037367407000000005,1003.28174,5.710463527519586,1003.2703698500914,0,0
20.02,6.446356,-7.681739,-0.008960571,1003.28937,5.709988443958738,1003.2710349336568,0,0
20.04,6.4989395,-7.300414,-0.40665007,1003.2968,5.709345279856161,1003.2717153557336,0,0
20.06,6.637559,-7.004887599999999,-0.86115247,1003.2845,5.708360526644126,1003.2723626014003,0,0
20.08,6.871773700000001,-7.009655,-0.7948703,1003.28674,5.707409538632757,1003.2729862663064,0,0
20.1,6.910017999999999,-7.1621842,-0.70491624,1003.2817,5.7067595439911525,1003.2735687060583,0,0
20.12,6.7522892999999975,-7.610241,-0.2598817,1003.28687,5.706793921878997,1003.2741312344816,0,0
20.14,6.6566978,-7.8581020000000015,0.0857303,1003.30444,5.7076858431184085,1003.2747373961523,0,0
20.16,6.6853820000000015,-7.6102414,-0.6007579000000001,1003.29694,5.709017382635496,1003.2753529299783,0,0
20.18,6.7140656000000005,-7.367147,-1.003182,1003.2515,5.710463446994053,1003.275810945119,0,0
20.2,6.761867999999999,-7.019188400000001,-1.1594169,1003.29425,5.711583815282083,1003.2762820278947,0,0
20.22,6.752314,-7.019189,-0.92743045,1003.29425,5.712347332624568,1003.2767629613353,0,0
20.24,6.556347,-7.3433145999999985,-0.4066455,1003.26636,5.71293593830917,1003.2771504634624,0,0
20.26,6.2752930000000005,-7.6197987,0.029007088,1003.27405,5.71340645815505,1003.2774816986736,0,0
20.28,6.294453,-7.6674647,0.13790208,1003.3068,5.713874664378077,1003.2778799239908,0,0
20.3,6.4187703,-7.424372,-0.084610954,1003.294,5.714117971269975,1003.2782898281548,0,0
20.32,6.461828700000001,-7.128846,-0.29292107,1003.26636,5.713769570804746,1003.2786090720924,0,0
20.34,6.332815599999999,-7.214645,-0.6195913000000001,1003.3219,5.7128864242001915,1003.2790470033766,0,0
20.36,6.318521499999999,-7.314744,-0.37339804,1003.3018,5.711644819342531,1003.279515870247,0,0
20.38,6.3615804,-7.510174,-0.49648887,1003.2965,5.710468826801917,1003.2799913038808,0,0
20.4,6.5384784000000025,-7.429143400000001,-0.5154223,1003.26636,5.709469730346187,1003.2803623243456,0,0
20.42,6.6914729999999984,-7.2289495,-0.62904435,1003.29645,5.708548544458232,1003.2807480736606,0,0
20.44,6.4955440000000015,-7.443445,-0.67638445,1003.294,5.707765240132965,1003.2811366286902,0,0
20.46,6.653321000000001,-7.28615,-0.52487946,1003.3116,5.7070620096572044,1003.2815896240512,0,0
20.48,6.7824163,-7.3147497,-0.34023398,1003.2658,5.706640552911953,1003.2819330481053,0,0
20.5,6.9593143,-7.0621243,-0.63849735,1003.2912,5.706374710277827,1003.2822698586266,0,0
20.52,7.0214925,-7.1717559999999985,-0.61008716,1003.2811,5.706496265553643,1003.282563252912,0,0
20.54,6.921157400000001,-7.1145580000000015,-0.5674739000000001,1003.2557,5.7067241370072725,1003.2827257883922,0,0
20.56,6.945099400000001,-6.904830499999999,-0.6195483,1003.3063,5.706777210690446,1003.2829542719045,0,0
20.58,6.983383,-6.6236043,-0.72370106,1003.2811,5.706341273531876,1003.2831494845566,0,0
20.6,6.868703,-6.7094035000000005,-0.6384786,1003.2811,5.705414356607556,1003.2833145963118,0,0
20.62,6.381208999999999,-7.3004574999999985,-0.04667378,1003.2811,5.7042092707501215,1003.2834525165119,0,0
20.64,6.314335,-7.5912185,0.052752674000000006,1003.2834,5.703132483018263,1003.2835741937416,0,0
20.66,6.849716,-7.186062299999999,-0.037197072000000005,1003.27856,5.702284120304196,1003.283663656644,0,0
20.68,7.380317999999999,-7.043066499999999,-0.2313037000000001,1003.2634,5.702215487026532,1003.2836697569006,0,0
20.7,7.256086,-7.1669990000000015,-0.24076857,1003.2859,5.702830696607188,1003.2836831759627,0,0
20.72,6.821167,-7.1384006,-0.3070463,1003.30347,5.703375613615452,1003.2837662656124,0,0
20.74,6.6873703,-6.8667073000000025,-0.05138498,1003.2862,5.703247324388912,1003.2838484450704,0,0
20.76,6.419146,-7.348116,-0.38757852,1003.2884,5.702897942037562,1003.2839374444376,0,0
20.78,6.4669620000000005,-7.0573564,-0.36390483,1003.286,5.701968705082708,1003.2840235094783,0,0
20.8,6.385726,-7.248019,-0.20293327,1003.2506,5.7007024417414005,1003.283979231914,0,0
20.82,6.973661,-6.8476285999999975,-0.29288518,1003.2959,5.699384070652531,1003.2839830230232,0,0
20.84,6.8685220000000005,-6.9858594,0.22790095,1003.30585,5.698069313447441,1003.2840650939647,0,0
20.86,6.5196166,-7.433916,0.03852653,1003.26556,5.696946098297473,1003.2840709935105,0,0
20.88,6.701267,-7.238487700000001,-0.13664486,1003.3009,5.6959489666677205,1003.284136790772,0,0
20.9,6.777761,-7.576914,-0.12717438,1003.29584,5.695693784008705,1003.2842370607857,0,0
20.92,7.1458273000000005,-6.981095,0.1048134,1003.25287,5.6957286120909805,1003.2842127379512,0,0
20.94,7.810238000000001,-6.7761335,-0.084561124,1003.29865,5.6967467886492935,1003.2842432204376,0,0
20.96,7.7624593,-6.4234085,-0.8752049000000001,1003.28076,5.698158578666567,1003.2842576151692,0,0
20.98,6.9451313,-7.329055,0.11428733,1003.2781,5.699880280282433,1003.2842481669397,0,0
21.0,7.0503050000000025,-6.8857656,0.7392304,1003.27576,5.7014227363585315,1003.2842092610828,0,0
21.02,7.313213,-6.5425735000000005,0.21844763,1003.29584,5.702660818644771,1003.2842167545276,0,0
21.04,7.1507177,-6.704637,-0.28339761,1003.28284,5.703607402801437,1003.2842184194195,0,0
21.06,6.945204,-6.6140729999999985,0.0101371,1003.30084,5.703844756494679,1003.284279728208,0,0
21.08,7.246351700000001,-6.7189380000000005,0.3983601,1003.2983,5.704076654920616,1003.2843843736316,0,0
21.1,7.327628,-6.485377,0.16164163,1003.28033,5.704088251617978,1003.2844622425833,0,0
21.12,7.3993425,-6.718939,-0.11768663,1003.288,5.704338854446205,1003.2845437835153,0,0
21.14,7.509298299999997,-6.718939999999999,0.2847396,1003.3233,5.704976419013502,1003.2847553554624,0,0
21.16,7.643151,-6.928667999999999,0.9617611,1003.29565,5.706536675800555,1003.2849815211553,0,0
21.18,7.5093320000000015,-6.6903405,-0.08454078400000001,1003.3134,5.708276379447661,1003.2852836676852,0,0
21.2,7.040931,-6.7523065,-0.10347669,1003.26746,5.7095412011171565,1003.2854864791552,0,0
21.22,6.9740343,-6.9191365000000005,-0.16028768,1003.26764,5.7105260338973665,1003.2856014360457,0,0
21.24,7.657564999999999,-6.3709826,0.22320084,1003.27,5.711547731728704,1003.2856468467836,0,0
21.26,8.043927,-6.6712565,-0.20296898,1003.26013,5.713613733683456,1003.2855951110637,0,0
21.28,8.220767,-6.113569,-0.35447115,1003.28284,5.716176484593568,1003.2855394789816,0,0
21.3,7.599377599999999,-5.999171,0.32254744,1003.25995,5.717997461886912,1003.2853982003494,0,0
21.32,6.820256,-6.594989999999999,-0.037268635,1003.27264,5.7187409226383545,1003.2852274370288,0,0
21.34,6.5669127000000005,-6.928649000000001,-0.17930195,1003.2902,5.718655344563486,1003.2850944517854,0,0
21.36,6.9492835999999985,-6.528258,0.04794817,1003.25256,5.7178103417331485,1003.284859821998,0,0
21.38,7.087885000000001,-6.947715,0.38882416,1003.2928,5.717124467510519,1003.2846810877586,0,0
21.4,7.236045,-6.55209,-0.008867126,1003.3052,5.716226042555162,1003.2845970262688,0,0
21.42,7.130875,-6.3995595000000005,-0.07515009,1003.2624,5.7147690147408445,1003.2844428402417,0,0
21.44,7.608842,-6.0420675,-0.21718346,1003.29004,5.713107830651434,1003.2843267512436,0,0
21.46,7.369837299999999,-5.9848685,-0.50598353,1003.2928,5.710833417953119,1003.2842546787,0,0
21.48,7.7808867,-6.0897326,-0.051481877,1003.25226,5.708801549325813,1003.2840758145574,0,0
21.5,7.9433856,-5.9038363,0.038470548,1003.2624,5.707025403380247,1003.2838397372684,0,0
21.52,7.833437400000001,-6.0515995,0.10948539,1003.29004,5.705486064712683,1003.2836534603218,0,0
21.54,7.766507000000002,-6.45199,0.26571956,1003.2825,5.70457937374302,1003.2834847135547,0,0
21.56,7.881208,-6.1040306,-0.12723732,1003.26996,5.703962732349763,1003.2832869199423,0,0
21.58,7.6422043,-6.075431,-0.35448998,1003.267,5.703188773585348,1003.2830535165947,0,0
21.6,7.6374106,-6.1516957,-0.34028800000000003,1003.2621,5.702368750197638,1003.2827718487372,0,0
21.62,7.5609199999999985,-6.1516953,-0.3923678,1003.25726,5.7013915474770345,1003.2824311243623,0,0
21.64,7.6947402999999985,-6.3709564000000025,-0.2029929,1003.26733,5.700770986189138,1003.2820756962576,0,0
21.66,7.742524,-6.156461,-0.22666617,1003.267,5.700265103120038,1003.2817073674772,0,0
21.68,7.522639999999999,-6.266092,-0.08936964,1003.26733,5.699647184290148,1003.2813301536444,0,0
21.7,7.4079112999999985,-6.2756248,-0.027823638,1003.24963,5.698761886698509,1003.2808827269482,0,0
21.72,7.1832466,-6.3661885,0.014784688,1003.27747,5.697413813230786,1003.2804750949026,0,0
21.74,7.326627,-6.2470245,0.08106509,1003.27484,5.695724787460946,1003.2800946248856,0,0
21.76,7.451834700000001,-6.223215,0.16163538,1003.2646,5.693909640105045,1003.2797026609288,0,0
21.78,7.3801622,-6.3280797,0.31787294,1003.2696,5.692024666784673,1003.2793199519972,0,0
21.8,7.4136443,-6.3090134,0.29420313,1003.2596,5.690110395785168,1003.2789107985581,0,0
21.82,7.356311,-6.20415,0.11903237,1003.2316,5.687937611675888,1003.2783789517044,0,0
21.84,7.327655,-6.208917,0.10483122,1003.24164,5.685504797282243,1003.2777767515984,0,0
21.86,7.3372383,-6.2279839999999975,0.12377106,1003.2568,5.6828922669520745,1003.2771691312787,0,0
21.88,7.538013,-6.2279844,0.090632275,1003.2869,5.68044950283713,1003.276667269092,0,0
21.9,7.6336309999999985,-6.280417,0.13797842,1003.27216,5.678389333845487,1003.2762075974948,0,0
21.92,7.863086999999997,-6.280418,0.19005919,1003.2796,5.677046857048015,1003.2758136443207,0,0
21.94,7.7101583,-6.313784,0.16165496,1003.25934,5.67613882220763,1003.2754062421768,0,0
21.96,7.576346400000001,-6.337617400000001,0.071703345,1003.27216,5.675433070653181,1003.2750345751705,0,0
21.98,7.538132000000001,-6.351918,-0.04665458,1003.28217,5.6748665669548535,1003.2747318577327,0,0
22.0,7.4616795,-6.394818,0.014894891499999997,1003.2643,5.674361589441532,1003.274426821917,0,0
22.02,7.428242699999997,-6.4567833,0.09538187,1003.29224,5.673945272332188,1003.2742214197114,0,0
22.04,7.404367999999999,-6.423418,0.12852491,1003.2592,5.673526647899675,1003.2739858492116,0,0
22.06,7.442628999999997,-6.4043519999999985,-0.04664601,1003.27966,5.67314023779413,1003.2737981260608,0,0
22.08,7.3279395,-6.537817,0.0054347906,1003.2592,5.672786980113287,1003.2735797006308,0,0
22.1,7.409219999999999,-6.4329534000000015,0.01017141,1003.2568,5.672447111293288,1003.2733262929986,0,0
22.12,7.523958,-6.351922,-0.008764137,1003.2745,5.672191915385707,1003.27310660736,0,0
22.14,7.552661,-6.318557,0.0054412987,1003.27686,5.672013504904315,1003.2729260053434,0,0
22.16,7.5718045,-6.309024,0.0054435080000000005,1003.2694,5.671921428605673,1003.272753731782,0,0
22.18,7.552707700000001,-6.3137913,-0.018226478,1003.2618,5.67188187632186,1003.2725620774287,0,0
22.2,7.447578,-6.27566,0.09540157,1003.27686,5.671671491055763,1003.272408204164,0,0
22.22,7.4093604000000015,-6.342392,0.12854435,1003.25684,5.6713409458064925,1003.2722161962117,0,0
22.24,7.4046059999999985,-6.385292,0.114343494,1003.27936,5.670955658126028,1003.2720722556787,0,0
22.26,7.4227395,-6.394801,0.057440404,1003.2641,5.670563799580338,1003.2719163697034,0,0
22.28,7.427503,-6.3376017,-0.004108362,1003.27167,5.670097331026278,1003.2717777419248,0,0
22.3,7.4513855,-6.4090996,-0.0230475,1003.27435,5.669701049621772,1003.2716645105484,0,0
22.32,7.3940125,-6.3805,-0.04198655,1003.2618,5.669239201243356,1003.2715289470664,0,0
22.34,7.4991517,-6.413865,-0.051456843,1003.2769,5.668932121033831,1003.2714284989644,0,0
22.36,7.3653,-6.5044293,-0.12247443,1003.2691,5.66867769864307,1003.2713313604248,0,0
22.38,7.2983656,-6.456763,0.033759315,1003.26154,5.668299404935403,1003.2712102799144,0,0
22.4,7.331809,-6.518728,0.0479611,1003.2817,5.667950604259034,1003.271141056167,0,0
22.42,7.39393,-6.380498,-0.08460371,1003.29926,5.6675374529787215,1003.271181118262,0,0
22.44,7.479951,-6.451996,-0.023057867000000003,1003.24896,5.667300670398936,1003.2711365211032,0,0
22.46,7.4894943,-6.3661970000000005,-0.08460663,1003.2588,5.667120358658242,1003.2710527035778,0,0
22.48,7.374762,-6.5282598,-0.14615543,1003.2509,5.667032680511332,1003.2709060926794,0,0
22.5,7.346067,-6.375729,0.033750452,1003.2663,5.6667712117890225,1003.270759965356,0,0
22.52,7.494224000000001,-6.33283,0.033748947,1003.2588,5.666533017164342,1003.2705877913776,0,0
22.54,7.4416323,-6.385262,-0.02779964,1003.25903,5.666303633420236,1003.2703940504016,0,0
22.56,7.455953999999997,-6.485359,0.0053396076,1003.27374,5.666241317476428,1003.2702349062937,0,0
22.58,7.6041117,-6.4948916,0.081088535,1003.26117,5.666573716563821,1003.2700616528972,0,0
22.6,7.4415827,-6.494891,0.062149517,1003.28143,5.6669977171010535,1003.2699494922454,0,0
22.62,7.298172,-6.6188216,-0.17930663,1003.2641,5.6674526375679655,1003.2698293289217,0,0
22.64,6.9826884000000025,-6.580688499999999,-0.26926184,1003.266,5.6674023920677765,1003.2697093670243,0,0
22.66,6.982672999999999,-6.6140539999999985,-0.25506002,1003.2534,5.666952743083514,1003.269544654971,0,0
22.68,7.0830326,-6.6712527,0.047940366,1003.2537,5.6663782944468055,1003.2693420746426,0,0
22.7,7.341127,-6.609286999999999,-0.0041394904,1003.28143,5.666002782322832,1003.2692065911957,0,0
22.72,7.513182,-6.6426525,-0.06095396400000001,1003.2863,5.666117799984792,1003.2691484142937,0,0
22.74,7.5131664,-6.819014,-0.15090907,1003.27124,5.666912346354871,1003.2691045388916,0,0
22.76,7.5243144,-6.7380223,-0.42062473,1003.26874,5.6682248182351875,1003.2690644582464,0,0
22.78,7.524366,-6.471096,-0.39221364,1003.266,5.669622222592625,1003.2690180109386,0,0
22.8,7.428811599999999,-6.404365,-0.30225608,1003.2735,5.670842216010586,1003.268993105258,0,0
22.82,7.4814405,-6.3710010000000015,-0.3117202,1003.2635,5.671939599711863,1003.2689513234196,0,0
22.84,7.2855167,-6.6236289999999975,-0.056057926,1003.2634,5.672955915225471,1003.2688944202228,0,0
22.86,7.209085000000001,-6.757094,0.175932,1003.2482,5.673971299292692,1003.2687696406456,0,0
22.88,7.1374364,-6.637931,0.10018596,1003.2359,5.674702144312161,1003.2685410547044,0,0
22.9,7.0179925,-6.6522320000000015,-0.17913923,1003.2584,5.6750206747822975,1003.2683025683699,0,0
22.92,6.989356,-6.728497999999999,-0.16493218,1003.2482,5.675039658005402,1003.268019472599,0,0
22.94,7.027645599999999,-6.723733,-0.108114645,1003.2558,5.674842789307296,1003.2677253390742,0,0
22.96,7.013350999999999,-6.6903677,-0.3637683,1003.2608,5.6743994491826415,1003.2674405114708,0,0
22.98,7.0516405,-6.66177,-0.40637326,1003.24316,5.67376021762246,1003.2671014279596,0,0
23.0,7.1568413,-6.7571020000000015,-0.22172736,1003.2861,5.673232720273405,1003.2668702086282,0,0
23.02,7.271605,-6.575975,-0.2406606000000001,1003.27856,5.672726490165387,1003.266707986476,0,0
23.04,7.448503,-6.452045,-0.2311876,1003.2585,5.672344978979026,1003.2665350982307,0,0
23.06,7.4389887,-6.399614,-0.21698026,1003.2608,5.671988212978475,1003.266361687824,0,0
23.08,7.233508,-6.5044794,-0.25485083,1003.26843,5.671479798911003,1003.2662159083122,0,0
23.1,7.271792,-6.4806475999999975,-0.14595537,1003.2482,5.670860802704105,1003.2660222402658,0,0
23.12,7.4295735,-6.351952,-0.25484228,1003.25574,5.670222111371771,1003.2658140991147,0,0
23.14,7.48698,-6.3042874000000015,-0.13174337,1003.2633,5.669590142083182,1003.2656211348371,0,0
23.16,7.4918046,-6.3185883,-0.027582292,1003.2708,5.6689914477451335,1003.265469275516,0,0
23.18,7.3867,-6.4949517,-0.13646895,1003.27856,5.668499870504272,1003.2653822192276,0,0
23.2,7.2337914,-6.5807509999999985,-0.018104699,1003.2532,5.667984768528481,1003.2652614403024,0,0
23.22,7.3485546,-6.447289,-0.013365872,1003.2937,5.6674437853593655,1003.2652570988588,0,0
23.24,7.3916183,-6.44729,-0.25008193,1003.23285,5.666955856040263,1003.2651365972034,0,0
23.26,7.1699367,-6.6045422999999985,-0.15555957,1003.24536,5.666387573985218,1003.2649589261908,0,0
23.28,7.1412334,-6.718939,-0.13662426,1003.256,5.665868085816709,1003.2647696839496,0,0
23.3,7.193784700000001,-6.533042,-0.38281572,1003.2557,5.665225198183602,1003.2645698186432,0,0
23.32,7.3036949999999985,-6.499676,-0.4112244000000001,1003.2453,5.664601413805674,1003.2643238463112,0,0
23.34,7.351468,-6.595006,-0.34967940000000003,1003.27826,5.664197711642332,1003.2641566753122,0,0
23.36,7.432697,-6.723703,-0.24552514,1003.2682,5.66428778924046,1003.2640235189862,0,0
23.38,7.389651299999999,-6.6855699999999985,-0.20291795,1003.2579,5.6646923707185755,1003.263883817388,0,0
23.4,7.365727400000001,-6.7237015,-0.11296652,1003.27075,5.665386930439862,1003.2637850953134,0,0
23.42,7.3800387,-6.7237009999999975,-0.10823473,1003.26794,5.666357082031827,1003.2637128221452,0,0
23.44,7.4564886,-6.5568705000000005,-0.23133166,1003.2353,5.667458766235505,1003.263546675414,0,0
23.46,7.3560862999999985,-6.676033500000001,-0.3307566,1003.2375,5.668687929603323,1003.2633061001308,0,0
23.48,7.38952,-6.8857617,-0.12244509,1003.26794,5.670361637363922,1003.26311020985,0,0
23.5,7.642823,-6.7951960000000025,-0.15558837,1003.26794,5.672685687468407,1003.2629545084424,0,0
23.52,7.685815,-6.618833,-0.30235735,1003.2655,5.675408769854371,1003.2628260944484,0,0
23.54,7.523277999999999,-6.642666,-0.33076593,1003.24005,5.678254528839058,1003.2626306339032,0,0
23.56,7.4419947,-6.771362,-0.22661145,1003.2554,5.681245151035801,1003.2624318946832,0,0
23.58,7.551903699999999,-6.8047270000000015,-0.075112924,1003.2655,5.6845641668189595,1003.2622673338876,0,0
23.6,7.614014,-6.790426700000001,-0.070380956,1003.2551,5.688237615832376,1003.2620961255667,0,0
23.62,7.633107000000001,-6.823792,-0.023039341,1003.27277,5.692286356591027,1003.2619832718424,0,0
23.64,7.6999993,-6.8333244,-0.18401141,1003.2526,5.6967724926037295,1003.2618497745128,0,0
23.66,7.623496,-6.790425,-0.2550299,1003.2981,5.701454084255599,1003.2618623170844,0,0
23.68,7.5278735,-6.9477205,-0.21715708,1003.2602,5.706362058147062,1003.261867415359,0,0
23.7,7.465708999999999,-6.8857546,-0.20295635,1003.2476,5.7112695277870476,1003.2618205574993,0,0
23.72,7.5756183,-6.971552,-0.25977165,1003.2651,5.716450319676372,1003.2617909598872,0,0
23.74,7.704646,-6.962018,-0.31185250000000003,1003.27014,5.722041696715651,1003.2617948639817,0,0
23.76,7.825313,-6.9143815,-0.4064333,1003.20715,5.728103488985589,1003.2616015921292,0,0
23.78,7.887471700000001,-6.962047599999999,-0.30700886,1003.2299,5.734714411185927,1003.2613166913887,0,0
23.8,7.758437,-7.019247,-0.34961662,1003.2427,5.741668813054004,1003.2609979330052,0,0
23.82,7.701101299999999,-6.914383,-0.2928018,1003.2502,5.748663705273909,1003.2606774055388,0,0
23.84,7.662884,-6.9239163,-0.18864295,1003.23987,5.755618406116732,1003.2603192808099,0,0
23.86,7.624667599999999,-6.9954157000000015,-0.084484056,1003.2147,5.7625510095639685,1003.2598386123883,0,0
23.88,7.596009,-7.109813000000001,-0.15076388,1003.2527,5.769558609628037,1003.2593881947662,0,0
23.9,7.64383,-7.11458,-0.15076178,1003.2373,5.77668666273377,1003.2589106882544,0,0
23.92,7.572153,-7.081215400000001,-0.37801135,1003.2548,5.783751306207773,1003.2584739650226,0,0
23.94,7.6725492,-6.866720699999999,-0.4821664000000001,1003.2223,5.7905966425733615,1003.2579578501013,0,0
23.96,7.787287700000001,-6.852421799999999,-0.4537579000000001,1003.2273,5.797379367968185,1003.2573914426961,0,0
23.98,7.8446669999999985,-6.914387,-0.26437974,1003.23987,5.8042433008060765,1003.2568278879193,0,0
24.0,7.758649,-7.0430845999999985,-0.1365491,1003.245,5.811194267410516,1003.2562873505217,0,0
24.02,7.7252135,-7.0097194000000025,-0.12234378,1003.2249,5.8180986890285125,1003.2556967372155,0,0
24.04,7.7730317,-6.985887,-0.14601395,1003.2223,5.824978320441461,1003.2550546430444,0,0
24.06,7.591421,-7.0907516,-0.21702804,1003.2245,5.83168279356876,1003.2543772919196,0,0
24.08,7.5723243,-7.1050524999999976,-0.31644842,1003.22473,5.838205007152031,1003.2536720542148,0,0
24.1,7.624921,-7.1288853,-0.37325957,1003.2147,5.844660193358643,1003.2529086067838,0,0
24.12,7.7348795,-7.047855,-0.29277259999999994,1003.2172,5.851081274596603,1003.2521054736493,0,0
24.14,7.720560000000001,-7.0335550000000016,-0.3353804,1003.2044,5.857409765418031,1003.2512240855065,0,0
24.16,7.73014,-7.0621551999999985,-0.3779882,1003.2069,5.863691421383169,1003.2502857242357,0,0
24.18,7.7397213,-7.071689,-0.21701641,1003.207,5.869927639665579,1003.2493007596097,0,0
24.2,7.7397428,-6.976358,-0.21701445,1003.20465,5.875968162311295,1003.2482697021312,0,0
24.22,7.7110844,-6.9906583,-0.33063835,1003.20184,5.88179598290602,1003.2471915128156,1,3
24.24,7.6394085999999986,-6.9954257,-0.20280746,1003.2119,5.887304645322375,1003.2461117752904,1,3
24.26,7.758926400000001,-6.9477600000000015,-0.24541499,1003.1996,5.8926309908662144,1003.244990276822,1,3
24.28,7.5868735,-6.981127000000001,-0.23120989,1003.17914,5.897558267510345,1003.2437622597786,1,3
24.3,7.6346936,-6.8095307,-0.22647353,1003.19934,5.901949208693844,1003.2425172637841,1,3
24.32,7.6155953,-6.790465400000001,-0.20753397,1003.1739,5.905793613163753,1003.2411701631737,1,3
24.34,7.5152407,-6.8285985,-0.311689,1003.1667,5.909044804937147,1003.2397117724868,1,3
24.36,7.3479686,-6.895331,-0.2690774,1003.18176,5.911596319853983,1003.2382145120947,1,3
24.38,7.429246400000001,-6.7904673,-0.12704326,1003.1616,5.913490459828662,1003.2366157205687,1,3
24.4,7.4292669999999985,-6.680837,-0.18858871,1003.14874,5.914645939922979,1003.2348866757828,1,3
24.42,7.348032000000001,-6.752335499999999,-0.16491471,1003.1691,5.915118737266719,1003.2331220597767,1,3
24.44,7.3002553,-6.819068,-0.18858476,1003.13385,5.915008902715987,1003.2312054656587,1,3
24.46,7.434112,-6.6665382,-0.2217236,1003.144,5.91437725700442,1003.2291980234196,1,3
24.48,7.462812,-6.699905,-0.2217216,1003.14124,5.913377505405115,1003.2271075985727,1,3
24.5,7.491510000000001,-6.7285047,-0.22171988,1003.14124,5.912140170406323,1003.2249513758234,1,3
24.52,7.5632350000000015,-6.747572,-0.44423434,1003.1235,5.91085002106475,1003.2226809124487,1,3
24.54,7.5011125,-6.814304400000001,-0.292732,1003.12897,5.909503250711899,1003.2203373717264,1,3
24.56,7.553711999999999,-6.6760740000000025,-0.17910433,1003.126,5.907995507236785,1003.217927004606,1,3
24.58,7.5298357,-6.575978,-0.26905593,1003.1061,5.906180577368696,1003.2153946270016,1,3
24.6,7.343443400000001,-6.7332744999999985,-0.23591323,1003.12354,5.9040283517549605,1003.2128263414933,1,3
24.62,7.314785,-6.733275,-0.112816855,1003.1136,5.9015375019207275,1003.2101997895886,1,3
24.64,7.2622300000000015,-6.6808434000000005,-0.09861158,1003.10345,5.8986019318000436,1003.2074946690833,1,3
24.66,7.271811,-6.5807457,-0.093875185,1003.1036,5.8951583645408485,1003.2047304037959,1,3
24.68,7.300514999999999,-6.475882,-0.17909211,1003.1059,5.891179800098327,1003.2019321095343,1,3
24.7,7.2431740000000016,-6.504482,-0.21696587,1003.0859,5.886695109483986,1003.1990418211303,1,3
24.72,7.204957,-6.599814,-0.15541665,1003.0884,5.881851174219638,1003.1960896517407,1,3
24.74,7.247997,-6.5712147,-0.19328992,1003.0934,5.876734729163027,1003.193111432122,1,3
24.76,7.1849675,-6.5330606,-0.22651239,1003.0959,5.871247137349568,1003.1901299161107,1,3
24.78,7.22797,-6.571192699999999,-0.12235692,1003.0808,5.865566906715935,1003.1871018608656,1,3
24.8,7.251855,-6.647457000000001,-0.103420615,1003.06824,5.859879981105255,1003.1839983685517,1,3
24.82,7.3283167,-6.590258,-0.046609137,1003.0708,5.8542444578305615,1003.1808486086163,1,3
24.84,7.4191175,-6.5330586,-0.06081375,1003.0532,5.848736754379628,1003.1776059457463,1,3
24.86,7.4382215,-6.5282917000000005,-0.17917526,1003.06586,5.843388082201716,1003.17433844343,1,3
24.88,7.4382076,-6.5282917000000005,-0.11289488,1003.0532,5.838197131012745,1003.1710151799866,1,3
24.9,7.3569345,-6.618856,-0.17917804,1003.0481,5.833165024843733,1003.1676362497604,1,3
24.92,7.3473606,-6.6093225,-0.23125778,1003.06586,5.828265595567642,1003.1642842325133,1,3
24.94,7.380805,-6.5521235,-0.19811828,1003.06793,5.823472162048381,1003.1609755148364,1,3
24.96,7.2899747,-6.5330567,-0.2265260000000001,1003.0278,5.8186236900028705,1003.1575725000439,1,3
24.98,7.285178,-6.556889,-0.16971464,1003.0532,5.813767327883602,1003.1541898551732,1,3
25.0,7.2564845,-6.533056,-0.046621505,1003.0353,5.808841188263407,1003.1507729466864,1,3
25.02,7.2516894,-6.4901567,-0.09870137,1003.0453,5.803804958105783,1003.1473740637397,1,3
25.04,7.266014599999999,-6.4424905999999975,-0.041889805,1003.0377,5.798645062656951,1003.1439759841384,1,3
25.06,7.2038607999999975,-6.6236196,-0.10817295,1003.0227,5.7935519468694165,1003.14053684746,1,3
25.08,7.3424619999999985,-6.509221599999999,-0.16025263,1003.01514,5.788592136150429,1003.13704659764,1,3
25.1,7.3520059999999985,-6.4234233,-0.29281732,1003.01013,5.7836714496056505,1003.1335057131474,1,3
25.12,7.399789299999999,-6.499688,-0.34016272,1003.0077,5.778985284182721,1003.1299240870427,1,3
25.14,7.313737400000001,-6.5902524000000025,-0.26914814,1002.98486,5.774510140458347,1003.1262371315026,1,3
25.16,7.256364299999999,-6.714182400000001,-0.14132056,1002.98755,5.770317649228188,1003.1224800639146,1,3
25.18,7.3710647,-6.5997844,-0.11764993,1002.9924,5.766405610893923,1003.1186920307636,1,3
25.2,7.423627400000001,-6.485387,-0.17919858,1002.9749,5.762681706969563,1003.1148272733606,1,3
25.22,7.3805947,-6.4424877,-0.2833568,1002.98486,5.759016555951236,1003.1109444915352,1,3
25.24,7.337560000000001,-6.5997834000000015,-0.16026376,1002.9646,5.755560580109192,1003.1069868253444,1,3
25.26,7.410532499999999,-6.485418,-0.10333423,1002.98254,5.752255989921517,1003.1030418229273,1,3
25.28,7.530064,-6.4472857,-0.12226848,1002.95746,5.749233470638914,1003.0990319242288,1,3
25.3,7.315009,-6.4139204,-0.18854676,1002.9419,5.746090066114903,1003.0949231028118,1,3
25.32,7.2863655,-6.4568205,-0.24062206,1002.9394,5.742867846630168,1003.0907326650376,1,3
25.34,7.219494,-6.4282227,-0.06544487,1002.9318,5.739438478903468,1003.086457836626,1,3
25.36,7.3198996,-6.4234567,-0.037035707,1002.9521,5.7359879064078925,1003.0821969100298,1,3
25.38,7.372512299999999,-6.4425235,-0.12225184,1002.9218,5.732640835984508,1003.0778545264133,1,3
25.4,7.3390994,-6.3567266,-0.38263988,1002.91675,5.729241907425588,1003.0734376199543,1,3
25.42,7.3152275,-6.4425254,-0.40157494,1002.91675,5.725890852528278,1003.0689707659757,1,3
25.44,7.3439507,-6.5426245000000005,-0.37789896,1002.93695,5.722774702451908,1003.0645485790428,1,3
25.46,7.544739,-6.4806599999999985,-0.20272264,1002.9066,5.7200958582784995,1003.0600725197838,1,3
25.48,7.4969754,-6.514027,-0.22165705,1002.92694,5.717784123177962,1003.0556381967516,1,3
25.5,7.473113499999997,-6.56646,-0.23112251,1002.9243,5.7158398861747575,1003.051247211412,1,3
25.52,7.3823223,-6.5140285,-0.23112018,1002.91187,5.714013783264464,1003.046865578805,1,3
25.54,7.3489122,-6.413932,-0.027536381,1002.8918,5.712103659574861,1003.0424357321497,1,3
25.56,7.3919644,-6.3996330000000015,-0.037002046,1002.9117,5.7101742728754985,1003.0380508710092,1,3
25.58,7.43502,-6.452066,-0.11274916,1002.8991,5.708375009542422,1003.0336761845697,1,3
25.6,7.4159284,-6.485433,-0.022792928,1002.91675,5.706711548014573,1003.0293897773676,1,3
25.62,7.4111943,-6.399636,-0.1932273,1002.90924,5.705053578655133,1003.0251697687653,1,3
25.64,7.3729906,-6.3948703,-0.20269297,1002.90674,5.703340318413477,1003.0210146219966,1,3
25.66,7.396928999999999,-6.5474005,-0.09853247,1002.8941,5.701827370410526,1003.0168862416726,1,3
25.68,7.272680999999999,-6.547401,-0.04645152,1002.8187,5.700303420734332,1003.0125249343484,1,3
25.7,7.2535944,-6.5378695,-0.15060547,1002.8364,5.698734686204097,1003.0080372334328,1,3
25.72,7.220181,-6.4854379999999985,-0.17900768,1002.8438,5.697008526264503,1003.0034806468635,1,3
25.74,7.1724105,-6.5569367,-0.2074116,1002.85864,5.695176862800229,1002.9989330206424,1,3
25.76,7.3291119999999985,-6.6999083,-0.16489643,1002.8564,5.693697705409537,1002.9944016192387,1,3
25.78,7.539416,-6.5807443,-0.22644438,1002.8489,5.692698821757021,1002.9898738671296,1,3
25.8,7.582428,-6.471113,-0.34953946,1002.8338,5.6920541060714935,1002.985311279444,1,3
25.82,7.5441833,-6.4186807,-0.33060244,1002.7805,5.691592199569551,1002.980542456359,1,3
25.84,7.458142,-6.4425135,-0.29272762,1002.8288,5.6911875255366295,1002.9757824514382,1,3
25.86,7.333861,-6.633176,-0.018132735,1002.8059,5.690894797935443,1002.9709649342653,1,3
25.88,7.415109599999999,-6.58551,-0.0465399,1002.8084,5.690761865572539,1002.9661229423276,1,3
25.9,7.381644199999997,-6.466346,-0.041806076,1002.8084,5.690554562936896,1002.9612767556591,1,3
25.92,7.190446400000001,-6.528311,-0.07968189,1002.76794,5.690071917148368,1002.9562986527983,1,3
25.94,7.156983,-6.4758787,-0.13176075,1002.76825,5.689224184549128,1002.9512230259606,1,3
25.96,7.180874,-6.599809,-0.22171514,1002.78577,5.688270539501738,1002.9461425711937,1,3
25.98,7.185648,-6.6093416,-0.23591892,1002.773,5.687248144266175,1002.9410301681047,1,3
26.0,7.1808619999999985,-6.514011,-0.31640434,1002.7657,5.686032508511894,1002.9358816601306,1,3
26.02,7.1760774000000005,-6.4806447,-0.3448112,1002.75793,5.684598636964903,1002.9306918125079,1,3
26.04,7.2907853,-6.423446,-0.26906145,1002.7556,5.683070844420249,1002.9254757326236,1,3
26.06,7.4007144,-6.537843,-0.15070188,1002.78076,5.681788849191134,1002.9203458278002,1,3
26.08,7.4389477,-6.494943599999999,-0.16017117,1002.7605,5.680729835665346,1002.9152375989183,1,3
26.1,7.415041,-6.556908999999999,-0.06548381,1002.7202,5.6799170966367045,1002.9100218325219,1,3
26.12,7.300318700000001,-6.6760726,-0.11282839999999998,1002.77325,5.679314090889252,1002.9049208027376,1,3
26.14,7.3911289999999985,-6.571208500000001,-0.037078533,1002.7528,5.678891601781821,1002.8998658979297,1,3
26.16,7.410242599999999,-6.490177,-0.18384561,1002.70996,5.678551909746764,1002.894715722809,1,3
26.18,7.4532547,-6.5950413,-0.21225262,1002.71765,5.678498859985836,1002.8895275914704,1,3
26.2,7.362432000000001,-6.566441499999999,-0.28326923,1002.7401,5.678522419756925,1002.8844054192903,1,3
26.22,7.3433065000000015,-6.60934,-0.21698813,1002.70764,5.678639979839178,1002.8792431124423,1,3
26.24,7.3050637,-6.5426087,-0.20278536,1002.7202,5.678687774407622,1002.8741091429068,1,3
26.26,7.2389965,-6.4711313,-0.19323874,1002.7001,5.678471994423656,1002.8689463345108,1,3
26.28,7.215125,-6.571229,-0.18376738,1002.6823,5.678126234818009,1002.863712550208,1,3
26.3,7.215144599999999,-6.633195,-0.15062478,1002.69495,5.677752655188741,1002.8584804332168,1,3
26.32,7.224736999999997,-6.485433,-0.11748092,1002.68463,5.677163154637372,1002.853231473084,1,3
26.34,7.1865286999999975,-6.5902977,-0.112743795,1002.66455,5.67647250907239,1002.8479142386076,1,3
26.36,7.234354,-6.5998306,-0.16955411,1002.667,5.675783395505012,1002.8425646389653,1,3
26.38,7.301296000000002,-6.609365,-0.28791195,1002.6695,5.6752201084629945,1002.837214700021,1,3
26.4,7.344342,-6.7809615,-0.19322133,1002.67456,5.675071853906293,1002.8319019370496,1,3
26.42,7.4304047,-6.6856313,-0.30211022,1002.6924,5.675295191657174,1002.8267053727153,1,3
26.44,7.430434700000001,-6.580767599999999,-0.24529468,1002.6595,5.675697775496986,1002.8215117491272,1,3
26.46,7.396997,-6.5569353,-0.29263678,1002.6645,5.67617512675741,1002.816357421028,1,3
26.48,7.253636,-6.6284347000000015,-0.1979457,1002.67236,5.676589901936606,1002.8112846660038,1,3
26.5,7.3062415,-6.661801,-0.14113025,1002.6572,5.6770733502695725,1002.8062476748668,1,3
26.52,7.363622,-6.6856339999999985,-0.19320667,1002.6469,5.677739095256845,1002.8012233378688,1,3
26.54,7.325408,-6.62367,-0.22161083,1002.64185,5.678419453610573,1002.7962100896808,1,3
26.56,7.315884599999999,-6.4997406,-0.29735795,1002.6344,5.678927833468044,1002.791197867259,1,3
26.58,7.239434200000002,-6.4044094000000005,-0.3589028,1002.62225,5.679036534475171,1002.7861608552053,1,3
26.6,7.1629868000000005,-6.5331078,-0.25947765,1002.6344,5.678845608806681,1002.7811638122757,1,3
26.62,7.2155843,-6.5235753,-0.15058455,1002.6346,5.678453440194953,1002.7762207954187,1,3
26.64,7.2251787,-6.561708500000001,-0.14584696,1002.61926,5.677952704577963,1002.7712880868603,1,3
26.66,7.2491035,-6.447312,-0.0890317,1002.64233,5.677234473576796,1002.7664652964661,1,3
26.68,7.31605,-6.3948803,-0.16477947,1002.58655,5.6763610017951525,1002.761556183806,1,3
26.7,7.306516999999999,-6.523578,-0.18844911,1002.61664,5.675516620224824,1002.7566967935976,1,3
26.72,7.325655,-6.6379757,-0.13163449,1002.57916,5.67488762021904,1002.7517639039528,1,3
26.74,7.4595246,-6.5903115,-0.19791298,1002.58405,5.67459476589839,1002.7468014326083,1,3
26.76,7.468541,-6.514033,-0.33526042,1002.6117,5.674517170990818,1002.7419302277707,1,3
26.78,7.3968496,-6.4901996,-0.42047924,1002.57904,5.6744921716224646,1002.7370396263568,1,3
26.8,7.3299365,-6.633197,-0.44888526,1002.5966,5.674610145199254,1002.732212708292,1,3
26.82,7.358620599999999,-6.64273,-0.35419664,1002.56396,5.674903516811358,1002.7273419337404,1,3
26.84,7.396864,-6.5235667,-0.33052424,1002.56146,5.675243586770817,1002.7224409423852,1,3
26.86,7.181777499999999,-6.494967,-0.32578936,1002.5539,5.675250539704607,1002.7175036790312,1,3
26.88,7.153103999999999,-6.4139357000000015,-0.3589297,1002.56635,5.6748086783021225,1002.7125969598868,1,3
26.9,7.12443,-6.542632599999999,-0.2689756,1002.5363,5.674101299041718,1002.7076267137953,1,3
26.92,7.339525999999997,-6.437769,-0.10327095,1002.53864,5.673342360837842,1002.7026266521792,1,3
26.94,7.36821,-6.3948703,-0.23109941,1002.5436,5.6725314535759646,1002.6976361017876,1,3
26.96,7.243940400000001,-6.428236,-0.41100633,1002.5135,5.6715415850572635,1002.6925635614948,1,3
26.98,7.277404,-6.504501,-0.42047468,1002.5513,5.670555210977413,1002.6875729160707,1,3
27.0,7.416023299999999,-6.4711349999999985,-0.35892695,1002.52356,5.6697403104773985,1002.6825727352764,1,3
27.02,7.420808,-6.533100599999999,-0.25476962,1002.51324,5.669165451715743,1002.6775449776794,1,3
27.04,7.363455,-6.709463,-0.25950357,1002.51117,5.66896073740442,1002.672503501147,1,3
27.06,7.3443413,-6.5759997000000014,-0.4488793,1002.5133,5.668882603195118,1002.6674757198787,1,3
27.08,7.363464,-6.5092683,-0.39680052,1002.47284,5.668849511368246,1002.6623324837587,1,3
27.1,7.363469,-6.647498599999999,-0.36839357,1002.51874,5.669045326444112,1002.6572709873816,1,3
27.12,7.334797,-6.5664672999999985,-0.17428243,1002.49835,5.669274776389514,1002.652226533628,1,3
27.14,7.330022,-6.5950665,-0.35892376,1002.48834,5.669575804509853,1002.6471792627704,1,3
27.16,7.377825,-6.6665649999999985,-0.22162555,1002.49567,5.670103859256053,1002.6421740608943,1,3
27.18,7.449527000000002,-6.499736,-0.19321868,1002.50085,5.6707106123239015,1002.6372426978978,1,3
27.2,7.3013577,-6.2852407,-0.43467283,1002.4656,5.6708764577817945,1002.6322674318416,1,3
27.22,7.057592999999999,-6.351972,-0.5198917000000001,1002.4681,5.670372625490828,1002.6272802839997,1,3
27.24,7.0814967000000015,-6.5283356,-0.17427972,1002.48083,5.6695361761814445,1002.622346419144,1,3
27.26,7.339198599999999,-6.518792,-0.07962893,1002.47577,5.6687900935821665,1002.6174591810486,1,3
27.28,7.3152884999999985,-6.4806595,-0.07962993,1002.4755,5.66803677588819,1002.6126297644156,1,3
27.3,7.104965700000001,-6.571223700000001,-0.21219431,1002.46277,5.667086159150896,1002.607822996727,1,3
27.32,7.1431937,-6.6474886,-0.32582098,1002.45807,5.6661371573776425,1002.6030366260093,1,3
27.34,7.3630533,-6.647488,-0.34475959999999994,1002.4834,5.665531018665378,1002.5983766969892,1,3
27.36,7.602031,-6.528324,-0.24060382,1002.45294,5.6654326889047955,1002.5937356115976,1,3
27.38,7.5016440000000015,-6.514024299999999,-0.4015746,1002.4276,5.665616926746638,1002.5890366603444,1,3
27.4,7.3773589999999984,-6.661786599999999,-0.39210677,1002.4351,5.6660595966624765,1002.5843304950397,1,3
27.42,7.31521,-6.6331873,-0.23587243,1002.4326,5.666583144486861,1002.5796258975943,1,3
27.44,7.5302896,-6.4472914,-0.28321755,1002.43536,5.667258794029218,1002.57494955806,1,3
27.46,7.4872603,-6.4186916,-0.37790674,1002.4075,5.667966452634169,1002.5702147260388,1,3
27.48,7.348634700000002,-6.499723,-0.23587556,1002.43536,5.668584004022516,1002.5655455514508,1,3
27.5,7.2530284,-6.5330879999999985,-0.14592285,1002.4102,5.669014016356617,1002.5608606247996,1,3
27.52,7.276916,-6.5140224,-0.15539274,1002.41754,5.66928753972064,1002.5562050693616,1,3
27.54,7.248225,-6.4711227,-0.3163635,1002.41254,5.669326052510113,1002.5515742263266,1,3
27.56,7.224315,-6.5044885,-0.3305678,1002.4152,5.669167040744957,1002.546991466206,1,3
27.58,7.1765056,-6.5521536,-0.25481835,1002.405,5.668822260046537,1002.5424309700853,1,3
27.6,7.28643,-6.4806547,-0.3116322,1002.4153,5.668388225099571,1002.5379436442207,1,3
27.62,7.2864194000000015,-6.5569196,-0.18853867,1002.4002,5.667975982264288,1002.5334827659675,1,3
27.64,7.3820047,-6.504487,-0.23588373,1002.38007,5.667662486950477,1002.5289888479857,1,3
27.66,7.2959557,-6.6522503,-0.11752473,1002.37756,5.6675047621479475,1002.524472878204,1,3
27.68,7.3294039999999985,-6.537853,-0.1127913,1002.3748,5.667377522695155,1002.5199437449434,1,3
27.7,7.458447,-6.442521,-0.28796527,1002.37006,5.667355931533629,1002.5154022213125,1,3
27.72,7.420197,-6.5330853,-0.25009114,1002.3673,5.6674894026063045,1002.5108561630356,1,3
27.74,7.3245897,-6.6522493,-0.22642015,1002.3497,5.667775186689418,1002.5062591037552,1,3
27.76,7.3966885,-6.5473943,-0.25478983,1002.3575,5.668162053033003,1002.5016616094014,1,3
27.78,7.396692999999999,-6.4806633,-0.30213340000000005,1002.35706,5.668547999273404,1002.4970786975966,1,3
27.8,7.2867627000000015,-6.5140295,-0.3542114,1002.3524,5.668810293558638,1002.4925083934143,1,3
27.82,7.315446400000001,-6.5521617,-0.3589453,1002.3319,5.6690599564288355,1002.4878918824228,1,3
27.84,7.35847,-6.4472976,-0.31160083,1002.33234,5.669216648931508,1002.4832527465339,1,3
27.86,7.3297963,-6.423465,-0.37788203,1002.32684,5.669218068912157,1002.4785905201753,1,3
27.88,7.234205,-6.537863,-0.20744306,1002.327,5.669081304266832,1002.4739252510916,1,3
27.9,7.2055306,-6.704692,-0.16009855,1002.317,5.669011488068478,1002.4692380884256,1,3
27.92,7.248553999999999,-6.609360700000001,-0.15536370000000002,1002.3319,5.668932459842996,1002.4646020943757,1,3
27.94,7.348934700000001,-6.4949636,-0.30686420000000003,1002.3319,5.66884941456429,1002.4600280024932,1,3
27.96,7.3441606,-6.5855284,-0.3400045,1002.3321,5.668883070100085,1002.455525794097,1,3
27.98,7.358504300000001,-6.5759954,-0.2689881,1002.3245,5.669024161240063,1002.4510759498993,1,3
28.0,7.3250504,-6.6617929999999985,-0.31159723,1002.3018,5.669330007521213,1002.4466066741466,1,3
28.02,7.2915974000000014,-6.6570272,-0.3636752,1002.3169,5.669725992537162,1002.4421906780644,1,3
28.04,7.224685000000001,-6.652261,-0.30212745,1002.28156,5.670086734629708,1002.4377104334854,1,3
28.06,7.2772684,-6.604595,-0.37787747,1002.29913,5.670434296377469,1002.4332527998148,1,3
28.08,7.3919883,-6.4949645999999985,-0.22637607,1002.2917,5.670785354106148,1002.428804444624,1,3
28.1,7.4350114,-6.409167,-0.1790316,1002.2741,5.671086600783702,1002.4243169419768,1,3
28.12,7.482814,-6.3805676,-0.29739124,1002.26154,5.671385439922987,1002.4197657876466,1,3
28.14,7.4254622,-6.3853339999999985,-0.26424995,1002.2666,5.671595040019593,1002.4151929908452,1,3
28.16,7.272513000000001,-6.5902963,-0.18376459,1002.27405,5.671764817809668,1002.410644352824,1,3
28.18,7.258178699999997,-6.4854325999999975,-0.16009213,1002.2716,5.671730019942016,1002.4061246165984,1,3
28.2,7.315541,-6.4187,-0.29738942,1002.25903,5.671518604950099,1002.40160143705,1,3
28.22,7.186491499999999,-6.5378647,-0.3305298,1002.246,5.671119130289005,1002.3970445904273,1,3
28.24,7.1912766,-6.7332934999999985,-0.26424766,1002.2563,5.670833411430436,1002.392511480226,1,3
28.26,7.296658,-6.6903996,-0.28789896,1002.2514,5.6707506427869605,1002.3879980227234,1,3
28.28,7.401828999999997,-6.571236,-0.42992976,1002.2362,5.670854581068058,1002.3834634587922,1,3
28.3,7.401841,-6.6046023,-0.32577175,1002.25397,5.671160962070483,1002.378990541651,1,3
28.32,7.3875164999999985,-6.6189027000000005,-0.37784883,1002.2462,5.6716465731689585,1002.3745602261152,1,3
28.34,7.411428999999999,-6.523572,-0.29262832,1002.2337,5.672188455280009,1002.3701385024935,1,3
28.36,7.535717999999999,-6.5617046000000006,-0.19793892,1002.22864,5.673019747079041,1002.3657220728926,1,3
28.38,7.4735937,-6.5188055,-0.17426567,1002.249,5.67394695103132,1002.3613995162348,1,3
28.4,7.306316000000002,-6.4520745,-0.2452804,1002.2134,5.674605992460939,1002.3570473069133,1,3
28.42,7.1820526,-6.633203999999999,-0.28788888,1002.2362,5.675088762228002,1002.352766644452,1,3
28.44,7.282442999999999,-6.5569396,-0.20266838,1002.22614,5.675456958363602,1002.3485283951812,1,3
28.46,7.3780537,-6.3662769999999975,-0.35416794,1002.196,5.675618640140457,1002.344234375903,1,3
28.48,7.172535000000001,-6.480675,-0.43938604,1002.22144,5.675441804902202,1002.3399981207152,1,3
28.5,7.0960727,-6.6761045,-0.34469664,1002.1832,5.675116925021507,1002.3356904923974,1,3
28.52,7.110425,-6.690403999999999,-0.25000736,1002.16815,5.6746984771801365,1002.3312811262424,1,3
28.54,7.1534576,-6.504509,-0.19319318,1002.196,5.673999508704075,1002.3268979982537,1,3
28.56,7.287306,-6.514042400000001,-0.3068176,1002.21106,5.673281077077787,1002.3226080495692,1,3
28.58,7.2729789999999985,-6.609374000000001,-0.40623897,1002.20355,5.672666009056507,1002.3183888419327,1,3
28.6,7.234755000000002,-6.609374000000001,-0.20265825,1002.18085,5.6720726727342585,1002.3141656102347,1,3
28.62,7.392503,-6.6284410000000005,-0.25473538,1002.17584,5.671772799094392,1002.3099359905092,1,3
28.64,7.3686166,-6.590309,-0.22159337,1002.1885,5.671641821757728,1002.305761528954,1,3
28.66,7.316053,-6.595075,-0.32574898,1002.1733,5.671591911589826,1002.3015961132193,1,3
28.68,7.3399649999999985,-6.623675,-0.27366936,1002.17816,5.671687209820701,1002.2974711818688,1,3
28.7,7.440355,-6.3948812,-0.30207446,1002.14795,5.671754538213012,1002.2932881162727,1,3
28.72,7.4355884,-6.4568458,-0.3020733,1002.1357,5.67187357321733,1002.2890246422934,1,3
28.74,7.287428999999999,-6.461613,-0.22632147,1002.15546,5.671808771421784,1002.2847766039728,1,3
28.76,7.272310000000001,-6.5759916,-0.24533047,1002.17303,5.6717178554463565,1002.2806207495387,1,3
28.78,7.186257,-6.514026,-0.26900402,1002.13824,5.6713865351933865,1002.2764360658624,1,3
28.8,7.1671210000000025,-6.6236563,-0.19325508,1002.1126,5.670964718234765,1002.2721486695289,1,3
28.82,7.1910024,-6.556924,-0.3968361,1002.1253,5.670420059738048,1002.267831670918,1,3
28.84,7.205323700000001,-6.647488,-0.36369687,1002.13043,5.669915197200033,1002.2635225249304,1,3
28.86,7.210086,-6.657020599999999,-0.48679298,1002.12317,5.669479089453696,1002.259209694446,1,3
28.88,7.257867299999999,-6.652253999999999,-0.4631225000000001,1002.14044,5.669169233586631,1002.2549713065297,1,3
28.9,7.3582234,-6.523556,-0.47732753,1002.1177,5.668949311564486,1002.2507320902637,1,3
28.92,7.248271000000001,-6.79525,-0.27374970000000004,1002.1202,5.669005020382624,1002.246516403246,1,3
28.94,7.3247313,-6.657019,-0.0701718,1002.10004,5.669218654898883,1002.2422641071454,1,3
28.96,7.425089999999999,-6.5235553,-0.23587759,1002.08514,5.669547096324218,1002.2379411315253,1,3
28.98,7.2529993,-6.7046839999999985,-0.18380079,1002.08997,5.669959835579553,1002.2335886541936,1,3
29.0,7.119148,-6.8095474000000005,-0.07017657,1002.0575,5.670389170329381,1002.2291088860684,1,3
29.02,7.138248,-6.738049,-0.21694483,1002.09265,5.670762499758654,1002.224659310963,1,3
29.04,7.1525717,-6.5998187,-0.35897840000000003,1002.085,5.670919507472156,1002.2202248928804,1,3
29.06,7.229031,-6.580752,-0.48680896,1002.0574,5.670986610596576,1002.2157204714483,1,3
29.08,7.291150999999997,-6.5569186,-0.48207617,1002.0344,5.671035975717768,1002.2110876109737,1,3
29.1,7.3389305999999985,-6.5473847,-0.37792093,1002.0776,5.671120712571838,1002.2065134600588,1,3
29.12,7.319795,-6.494952,-0.37318802,1002.07007,5.67113394317346,1002.2019805438542,1,3
29.14,7.142925,-6.5140185,-0.2785015,1002.06244,5.670830684627306,1002.197472913138,1,3
29.16,7.037750999999999,-6.609349000000001,-0.25009674,1002.04974,5.670221405254166,1002.1929581321497,1,3
29.18,7.1381083,-6.733279,-0.08439429,1002.037,5.669666375953673,1002.1884074223927,1,3
29.2,7.267145599999999,-6.657014,-0.20749047,1002.0347,5.66925358070172,1002.1838330685307,1,3
29.22,7.248010000000002,-6.7189784,-0.3873993,1002.04736,5.6690372134069635,1002.1792998664116,1,3
29.24,7.2862300000000015,-6.657013,-0.5436363000000001,1002.0219,5.668981747191513,1002.1747276895004,1,3
29.26,7.388015299999997,-6.6332145,-0.45355362,1002.0322,5.669182675563648,1002.1701746142993,1,3
29.28,7.2876787,-6.690414,-0.6713326000000001,1002.0169,5.669560708921297,1002.16559972844,1,3
29.3,7.306837599999999,-6.6856484,-0.51509374,1002.01434,5.670097068073332,1002.1610128242723,1,3
29.32,7.282975,-6.65705,-0.4251366,1002.02716,5.6706858843699655,1002.1564779655826,1,3
29.34,7.187419,-6.6475177,-0.20735043,1002.02185,5.671144854776284,1002.151986303768,1,3
29.36,7.096642,-6.676117999999999,-0.14579955,1002.00433,5.671387720509479,1002.1474859086952,1,3
29.38,7.0632199999999985,-6.652286,-0.13632737,1002.01465,5.671353951631386,1002.1430311503374,1,3
29.4,7.0250206,-6.6522869999999985,-0.14105816,1002.0247,5.67101829418458,1002.1386689337112,1,3
29.42,7.048959,-6.7476195999999975,-0.3020243,1002.0044,5.67059733657187,1002.1343311109392,1,3
29.44,7.0489983999999986,-6.704721000000001,-0.31622392,1001.98676,5.67004199591546,1002.1299669547383,1,3
29.46,7.101616,-6.6665896999999985,-0.47245568,1001.9692,5.6694080923195935,1002.1255320252825,1,3
29.48,7.240267,-6.609392,-0.53399956,1001.98926,5.6688441775292295,1002.1211227423236,1,3
29.5,7.230744400000002,-6.685658,-0.42983928,1001.98676,5.668426085757363,1002.1167429940292,1,3
29.52,7.13041,-6.7285576,-0.25466248,1002.00934,5.668034199397911,1002.1124863976577,1,3
29.54,7.0969906000000025,-6.6999598,-0.2546589,1001.9642,5.667575596761378,1002.1081914380724,1,3
29.56,7.178284,-6.647528,-0.18837386,1001.96155,5.667105550103729,1002.1038685026056,1,3
29.58,7.1161832999999985,-6.7047276,-0.24518336,1001.9465,5.666616532604357,1002.0994822302176,1,3
29.6,7.0206294000000025,-6.7619276,-0.18363227,1001.95404,5.666047919292892,1002.0950829279068,1,3
29.62,7.168842999999999,-6.6618309999999985,-0.29251993,1001.9111,5.665497314627607,1002.0905333658447,1,3
29.64,7.192778999999999,-6.5951,-0.43928313,1001.944,5.664918540158446,1002.0859858526896,1,3
29.66,7.0542035000000025,-6.5855679999999985,-0.26410657,1001.92645,5.6640790551006726,1002.081393340996,1,3
29.68,6.9682045,-6.5998683000000025,-0.27830637,1001.944,5.662903246229672,1002.0768407816356,1,3
29.7,6.958686,-6.6237020000000015,-0.1930833,1001.9264,5.661449904482026,1002.0722765533716,0,0
29.72,6.939603999999999,-6.571271,-0.28776798,1001.92645,5.659657742089447,1002.0677186256848,0,0
29.74,6.944423,-6.485474,-0.30670202,1001.9239,5.657459063849704,1002.0631734937283,0,0
29.76,6.7910020000000015,-6.5474277,-0.23099433,1001.8886,5.654762012873593,1002.0585289505543,0,0
29.78,6.7049823,-6.652292299999999,-0.19311757,1001.9314,5.651657115414507,1002.0539673679835,0,0
29.8,6.7719183,-6.5283628,-0.25466308,1001.91394,5.648125444663125,1002.0494326550996,0,0
29.82,6.8436330000000005,-6.4711647,-0.3020055,1001.9189,5.64425800119932,1002.0449558652368,0,0
29.84,6.8818902999999985,-6.595095,-0.26412854,1001.9112,5.640340530767232,1002.0405186525992,0,0
29.86,6.905809,-6.528364,-0.33987725,1001.90125,5.636338369068827,1002.0360965643632,0,0
29.88,6.9392867,-6.4330335,-0.28779703,1001.891,5.632187631061997,1002.0316668595664,0,0
29.9,6.963204400000001,-6.3663015,-0.23098247,1001.88617,5.627859964491943,1002.0272289837133,0,0
29.92,6.896306,-6.2757382,-0.1931055,1001.8686,5.623160242785449,1002.0227366122681,0,0
29.94,6.896323700000001,-6.280505000000002,-0.16943187,1001.8911,5.618154431547253,1002.018293261055,0,0
29.96,6.7338285,-6.38537,-0.1741646,1001.88116,5.612797342804325,1002.0138734361833,0,0
29.98,6.7864265,-6.275739700000001,-0.12681869999999998,1001.8808,5.6070716086000285,1002.0094890145564,0,0
30.0,6.772104,-6.2519073,-0.13155161,1001.87335,5.600985414635991,1002.0051248391544,0,0
30.02,6.7052064,-6.242374400000001,-0.14101855,1001.8784,5.5944874956267965,1002.0008124443484,0,0
30.04,6.7100043000000005,-6.3091063,-0.22623618,1001.8961,5.587754729857197,1001.996625047498,0,0
30.06,6.7004614,-6.242375,-0.25464112,1001.8835,5.580731015361719,1001.9925178134698,0,0
30.08,6.7004839999999986,-6.232842400000001,-0.2357014,1001.84576,5.573460989112811,1001.9883603333543,0,0
30.1,6.7148410000000025,-6.2566757000000015,-0.27357504,1001.85345,5.566057253495675,1001.984201106724,0,0
30.12,6.748319,-6.294809,-0.19782282,1001.8382,5.558662901935498,1001.9800004100894,0,0
30.14,6.7770166,-6.194711,-0.27830592,1001.83057,5.551210498538059,1001.9757507250666,0,0
30.16,6.853513,-6.1851788,-0.2593666,1001.85596,5.543836810779824,1001.9715644567704,0,0
30.18,6.7149158,-6.1899457,-0.18361448,1001.83057,5.536349326090004,1001.9673578900594,0,0
30.2,6.810531,-6.2566776,-0.26409763,1001.8586,5.529032401949888,1001.9632494393093,0,0
30.22,6.8009895999999985,-6.3186436,-0.18361112,1001.8533,5.521961296047641,1001.959223394245,0,0
30.24,6.9491825,-6.1756473,-0.13153091,1001.84576,5.515159093990266,1001.955257512607,0,0
30.26,6.914983,-6.189929,-0.24522443,1001.86096,5.508590492443104,1001.951413788546,0,0
30.28,6.814595,-6.1946949999999985,-0.29256952,1001.8356,5.502106574538045,1001.9476005443272,0,0
30.3,6.805025,-6.247127,-0.20261684,1001.8431,5.4957746020497575,1001.9438549597756,0,0
30.32,6.9101696,-6.2328267,-0.21682109,1001.85565,5.4897419475551485,1001.9402278234109,0,0
30.34,6.924498,-6.1136627,-0.30677575,1001.8533,5.483858131824053,1001.9367099455546,0,0
30.36,6.924486,-6.161328299999999,-0.27837038,1001.85077,5.478190808087271,1001.9332921648767,0,0
30.38,6.900577,-6.232826,-0.30204335,1001.8101,5.4727988813865975,1001.9298287220764,0,0
30.4,6.986601400000001,-6.161328,-0.14580911,1001.8282,5.467696329997923,1001.9264025606184,0,0
30.42,6.986590400000001,-6.166094,-0.23576386,1001.8257,5.4628782024481,1001.923012675136,0,0
30.44,6.8957630000000005,-6.1613274,-0.17421758,1001.84814,5.458178212452442,1001.919747830693,0,0
30.46,6.838394,-6.232825,-0.24996911,1001.8079,5.453614171763453,1001.9164603619528,0,0
30.48,6.8144836,-6.3710546,-0.103203624,1001.828,5.449339220520732,1001.913237097271,0,0
30.5,6.9387474000000005,-6.189925700000001,-0.09373583,1001.8231,5.445271724734262,1001.910064527048,0,0
30.52,6.9960933,-6.2709565000000005,-0.1931594,1001.838,5.4416064383171285,1001.9070018117012,0,0
30.54,6.8335695,-6.3233886,-0.2026292,1001.8307,5.4381338228997445,1001.9040209098993,0,0
30.56,6.9195933000000025,-6.3567543,-0.2357711,1001.83307,5.435023977983284,1001.901131561791,0,0
30.58,6.976941,-6.3901195999999985,-0.23103766,1001.87354,5.432380303625869,1001.8984792041801,0,0
30.6,7.0008282999999984,-6.2709556,-0.22630431,1001.8305,5.4300283785634065,1001.8958908558604,0,0
30.62,7.024716400000001,-6.318621,-0.36833742,1001.8329,5.428055091479156,1001.8933770242037,0,0
30.64,7.220677,-6.3043213,-0.4062137,1001.838,5.4267115563530295,1001.8909564452647,0,0
30.66,7.292362700000001,-6.2709546,-0.29732344,1001.8077,5.425988164382273,1001.8885178985112,0,0
30.68,7.349709,-6.2232895,-0.28785565,1001.8128,5.425841086243229,1001.8860906141654,0,0
30.7,7.1776257,-6.2804875,-0.12215251,1001.8378,5.426002930537363,1001.8837720195064,0,0
30.72,7.1393757,-6.413951,-0.18843521,1001.83,5.426563922784507,1001.8815297299952,0,0
30.74,7.206281,-6.5331144,-0.06534174,1001.8325,5.427741368654212,1001.8793719359552,0,0
30.76,7.3879347000000015,-6.3758183,-0.084277466,1001.8352,5.429525768247063,1001.8773062901724,0,0
30.78,7.3592460000000015,-6.294787,-0.3778115,1001.82513,5.431699619873946,1001.8752932509137,0,0
30.8,7.2445207,-6.4806824,-0.34940590000000005,1001.83,5.4342824251414585,1001.8733514737216,0,0
30.82,7.215832000000002,-6.609379,-0.23104675,1001.8251,5.4373452106549305,1001.8714620140892,0,0
30.84,7.2683992,-6.471149,-0.27839175,1001.81995,5.440712215562455,1001.8696070443073,0,0
30.86,7.244489999999999,-6.5331135,-0.31153354,1001.8099,5.444386905943012,1001.8677530476483,0,0
30.88,7.344856299999999,-6.480681400000001,-0.35887843,1001.8302,5.4484066917523135,1001.8659796652291,0,0
30.9,7.3544064,-6.5283465,-0.24525364,1001.81256,5.452790150169456,1001.8642203937286,0,0
30.92,7.2874784,-6.53788,-0.21684809,1001.8399,5.457387208583107,1001.8625783480134,0,0
30.94,7.3113675,-6.5045133,-0.2689275,1001.85,5.462149966315058,1001.8610821543663,0,0
30.96,7.411734,-6.456847,-0.24525635,1001.835,5.467131782019641,1001.8596662219045,0,0
30.98,7.292228999999999,-6.4282475,-0.2689293,1001.8226,5.472064609920482,1001.858281665582,0,0
31.0,7.1488247000000005,-6.6904080000000015,-0.231055,1001.8151,5.477080080239055,1001.8569028176194,0,0
31.02,7.2491910000000015,-6.7047076,-0.24052466,1001.82996,5.482323914649784,1001.8555874734164,0,0
31.04,7.2444,-6.6141429999999986,-0.31154174,1001.86035,5.4876201476264335,1001.8544423803739,0,0
31.06,7.1918130000000025,-6.637975,-0.33994898,1001.82245,5.492898580414237,1001.8533154035927,0,0
31.08,7.1679034,-6.6522746,-0.42516923,1001.83234,5.498132932643259,1001.8522440954556,0,0
31.1,7.2252517,-6.657041,-0.44410777,1001.8274,5.503405383655138,1001.851208048842,0,0
31.12,7.335177000000002,-6.647508,-0.24526374,1001.8478,5.508833279394684,1001.8502803290784,0,0
31.14,7.3112683,-6.6236744000000005,-0.25946778,1001.85254,5.514309675192664,1001.8494687307108,0,0
31.16,7.3255973,-6.633208,-0.41096964,1001.8074,5.519855249309279,1001.8486001549624,0,0
31.18,7.373386,-6.604608,-0.34468886,1001.8325,5.525470728404144,1001.8477747208733,0,0
31.2,7.425953999999999,-6.4902105,-0.36836183,1001.82745,5.531053850496713,1001.846972198317,0,0
31.22,7.3924837,-6.5283427000000005,-0.3257532,1001.8222,5.53658521544792,1001.8461739094723,0,0
31.24,7.258640299999999,-6.580775,-0.14584660000000002,1001.80225,5.541907366374098,1001.845310415375,0,0
31.26,7.187471,-6.6665854000000015,-0.2641585,1001.80963,5.547042156155191,1001.8444189824953,0,0
31.28,7.1110050000000005,-6.8191156,-0.23575108,1001.8476,5.55209327281466,1001.843642764066,0,0
31.3,7.1970525,-6.723785,-0.25468767,1001.82983,5.557046936083263,1001.8429071715108,0,0
31.32,7.154045599999999,-6.6284537,-0.42039075,1001.83234,5.561708224752798,1001.842219160112,0,0
31.34,7.08714,-6.7237854000000015,-0.4724682,1001.8424,5.566133378081778,1001.8416118842633,0,0
31.36,7.1014905,-6.804817,-0.4582640000000001,1001.8375,5.570470205862184,1001.84106049254,0,0
31.38,7.177978,-6.7476187,-0.44405976,1001.8247,5.574745459633225,1001.8405143850405,0,0
31.4,7.254466499999999,-6.728553,-0.3967147,1001.8251,5.579035801559957,1001.8399763526677,0,0
31.42,7.192340400000001,-6.618921799999999,-0.3967136,1001.8398,5.583074759157262,1001.8395003123932,0,0
31.44,7.0632963,-6.685654,-0.28782129999999995,1001.8251,5.5867677315280595,1001.8390278420824,0,0
31.46,6.852997,-6.8953834,-0.11738163,1001.82983,5.5901259570183655,1001.838577255084,0,0
31.48,6.953384,-6.876317,-0.06530222,1001.83234,5.593295026816535,1001.8381566622937,0,0
31.5,7.048991,-6.7714534,-0.2310053,1001.85,5.596280944909817,1001.8378276625205,0,0
31.52,7.0490017000000025,-6.780987,-0.29255158,1001.83734,5.59911144780405,1001.8375352027356,0,0
31.54,7.0012149999999975,-6.919217,-0.4203795,1001.8501,5.601933455961153,1001.8373220185396,0,0
31.56,6.9534273,-6.9287505000000005,-0.3540969,1001.8499,5.6046758754600905,1001.8371789297175,0,0
31.58,7.053816,-6.890618300000001,-0.44404945,1001.8121,5.607438467054512,1001.8369622122873,0,0
31.6,7.058607,-6.823886999999999,-0.3351571,1001.8222,5.610110533449109,1001.8367175768016,0,0
31.62,7.1924524000000005,-6.5283604,-0.22626476,1001.8321,5.6124696499984825,1001.8364847936099,0,0
31.64,7.130326299999999,-6.70949,-0.17891967,1001.80707,5.614702366511708,1001.8361732131247,0,0
31.66,7.2307130000000015,-6.7237899999999975,-0.11263704,1001.8322,5.616985976447443,1001.8358835970413,0,0
31.68,7.2641835000000015,-6.7523894,-0.11737032,1001.8046,5.619397866833378,1001.8355150713196,0,0
31.7,7.096901400000001,-6.757156,-0.20732307,1001.8449,5.621671083224393,1001.835223227736,0,0
31.72,7.0873523,-6.881087,-0.1410404,1001.8423,5.623975341341237,1001.8349908311252,0,0
31.74,7.111263,-6.8381886,-0.20258664,1001.8222,5.6262747464211085,1001.8347394384883,0,0
31.76,7.073067,-6.785757,-0.2735988,1001.82465,5.628432451561708,1001.8344809859757,0,0
31.78,7.0778594,-6.8953886,-0.22151916,1001.82465,5.630619950642317,1001.8342172257857,0,0
31.8,7.0348539999999975,-6.8191232999999984,-0.24519001,1001.817,5.632652542447407,1001.8339221852693,0,0
31.82,6.8962517000000005,-7.038385400000001,-0.1978449,1001.8347,5.634655834892148,1001.8336642876017,0,0
31.84,6.862806299999999,-6.919222,-0.13629639,1001.80707,5.63639869584136,1001.8333406697874,0,0
31.86,7.0492306,-6.866790299999999,-0.041607227,1001.8121,5.6381018830961835,1001.8329782546756,0,0
31.88,7.034903999999999,-6.876323700000001,-0.11735651,1001.8347,5.639757681568358,1001.8326642229657,0,0
31.9,6.9775595999999975,-6.8810906,-0.17890263,1001.83734,5.641289477656831,1001.8324035773444,0,0
31.92,7.011029,-6.9096899999999986,-0.17416719,1001.83716,5.642797269935883,1001.8321903939948,0,0
31.94,7.097078999999999,-6.80006,-0.06054024,1001.8346,5.644245076537433,1001.8320106997687,0,0
31.96,7.207025999999999,-6.723795,-0.1031488,1001.8171,5.645692553838513,1001.8317982434314,0,0
31.98,7.1927004,-6.7428613,-0.19310129,1001.8321,5.647142658738388,1001.8316116033354,0,0
32.0,7.226171000000001,-6.7094960000000015,-0.17889698,1001.8346,5.648592866498673,1001.8314574463748,0,0
32.02,7.1975026,-6.699962599999999,-0.13628632,1001.81195,5.649979402859657,1001.8312510064773,0,0
32.040000000000006,7.2118564,-6.752395599999999,-0.1410194,1001.8572,5.6514009935368605,1001.8311620125604,0,0
32.06,7.202309,-6.6999636,-0.12681511,1001.84955,5.6527591853414645,1001.8311495742903,0,0
32.080000000000005,7.159302,-6.7047300000000005,-0.13154843,1001.8192,5.653998015996965,1001.8310955653673,0,0
32.1,7.0350410000000005,-6.7380967000000025,-0.05106229,1001.8171,5.654985531736162,1001.8309974590477,0,0
32.120000000000005,7.144989,-6.6427665,0.015220497,1001.8322,5.655777395337168,1001.830915101451,0,0
32.14,7.17368,-6.6475325,-0.16942020000000002,1001.8192,5.656447001337745,1001.8308001559134,0,0
32.160000000000004,7.1593523,-6.680899,-0.2688416,1001.8367,5.657036207810076,1001.8307198294748,0,0
32.18,7.154586,-6.747631,-0.10787061,1001.83966,5.6576334847342284,1001.830681037648,0,0
32.2,7.192837,-6.6999655,-0.14574465,1001.8141,5.658227015086296,1001.8305870694542,0,0
32.22000000000001,7.221528,-6.6332345,-0.12207158,1001.8318,5.658764027738492,1001.830508405708,0,0
32.24,7.221539999999999,-6.6189350000000005,-0.22149296,1001.8117,5.659232717510357,1001.8303711881613,0,0
32.260000000000005,7.283722999999997,-6.666601700000001,-0.12680072,1001.8015,5.659798063778826,1001.8301460064597,0,0
32.28,7.2359385,-6.666602,-0.06051777,1001.8217,5.660372321875942,1001.8299166302847,0,0
32.300000000000004,7.216833599999997,-6.6523023,-0.15047017,1001.82666,5.660905055673172,1001.8297022296277,0,0
32.32,7.235964999999997,-6.6666026,-0.21201634,1001.83716,5.66145091413785,1001.8295396331804,0,0
32.34,7.2646585,-6.652303,-0.23095258,1001.82666,5.662031100859579,1001.8293855962801,0,0
32.36000000000001,7.135617699999999,-6.8095994000000015,-0.13626322,1001.82416,5.6626631979661735,1001.8292306771284,0,0
32.38,7.1499705,-6.6952032999999975,-0.1409964,1001.83417,5.663197381103518,1001.8291115721285,0,0
32.40000000000001,7.1738839999999975,-6.6856703999999985,-0.08891660000000001,1001.82416,5.663664648167018,1001.8289885052907,0,0
32.42,7.140439,-6.628472,-0.107853025,1001.8141,5.6639396410958485,1001.8288261648137,0,0
32.440000000000005,7.054415,-6.7476363,-0.16939911,1001.8318,5.664085296813599,1001.8286934265747,0,0
32.46,7.078328,-6.795302,-0.08891292,1001.8017,5.664218359464541,1001.8284789627313,0,0
32.480000000000004,7.178717,-6.7524037,-0.051036496,1001.8396,5.664429088990085,1001.8283294982136,0,0
32.5,7.231308999999999,-6.7285705,-0.1362545,1001.8166,5.6647553472752366,1001.8281552051719,0,0
32.52,7.178745299999999,-6.742871000000001,-0.21673809,1001.83936,5.665126005669732,1001.8280415371021,0,0
32.540000000000006,7.255236999999997,-6.747638,-0.2593464,1001.8266,5.665659575558183,1001.8279359104616,0,0
32.56,7.322168,-6.666607000000001,-0.16939142,1001.8193,5.666319454474848,1001.8278114894844,0,0
32.580000000000005,7.2170258,-6.680907,-0.14098379,1001.85187,5.666946771728925,1001.8277881617469,0,0
32.6,7.2122583,-6.661841000000001,-0.098372966,1001.82404,5.6675078035578945,1001.8277540559758,0,0
32.620000000000005,7.0927777,-6.8620367,-0.0368244,1001.8318,5.668112754274506,1001.8277384855147,0,0
32.64,7.0497723,-6.7476397,0.019989628,1001.84924,5.668524958055742,1001.8278021329076,0,0
32.660000000000004,7.1836210000000005,-6.6856747,-0.07469717,1001.83936,5.668879833986487,1001.8278999800656,0,0
32.68,7.135837,-6.6999745,-0.09363352,1001.8268,5.669130860274827,1001.8279824778862,0,0
32.7,7.059374000000001,-6.7381077000000005,-0.06996024,1001.8116,5.669227887424916,1001.82799639604,0,0
32.72000000000001,7.154983500000001,-6.795306,-0.11256865,1001.82416,5.6694152028135125,1001.8279948830948,0,0
32.74,7.1502175,-6.7142754,-0.11730179,1001.81647,5.669558907981613,1001.8279520566772,0,0
32.760000000000005,7.173909,-6.7190369999999975,-0.16939920000000006,1001.8092,5.669707826048484,1001.8278467078508,0,0
32.78,7.183473599999999,-6.680904400000001,-0.19307078,1001.83936,5.66982218415984,1001.8277950694794,0,0
32.800000000000004,7.197817999999999,-6.72857,-0.05577258400000002,1001.8268,5.6699913414971075,1001.8277458595644,0,0
32.82,7.2312818,-6.690438,-0.08891295,1001.8367,5.6702057741216585,1001.827734612589,0,0
32.84,7.279084700000001,-6.642772,-0.10311574,1001.8291,5.670465855035777,1001.8277295901562,0,0
32.86000000000001,7.250411,-6.6094065,-0.036833588,1001.82654,5.670673591208433,1001.82772086981,0,0
32.88,7.0879024999999976,-6.8143687,-0.11258361,1001.8343,5.670880098536951,1001.8277368493808,0,0
32.90000000000001,7.116586,-6.7953024000000015,-0.051035877,1001.8291,5.671099343585556,1001.8277558762718,0,0
32.92,7.226526299999999,-6.6809053,-0.022629037,1001.82153,5.671332555652009,1001.827750275278,0,0
32.940000000000005,7.2360916,-6.638006699999999,-0.069972605,1001.83936,5.6715319569035065,1001.8277871212488,0,0
32.96,7.1166009999999975,-6.6809059999999985,-0.065237746,1001.81396,5.67157930475673,1001.8277699007124,0,0
32.980000000000004,7.0783676999999985,-6.7905364000000015,-0.06523728,1001.80896,5.671591338908776,1001.8276869690036,0,0
33.0,7.1835284,-6.7285710000000005,0.038920082,1001.8291,5.671641860508332,1001.8276187774576,0,0
33.02,7.226552000000001,-6.633240700000001,-0.046298753,1001.80896,5.671657125310483,1001.8274913518084,0,0
33.040000000000006,7.173978999999999,-6.728571400000001,-0.0652359,1001.8137,5.671696073552997,1001.8273291096384,0,0
33.06,7.1644244000000015,-6.7047386,-0.051032227,1001.8391,5.671707274759338,1001.8272281276622,0,0
33.080000000000005,7.240906699999999,-6.7047386,-0.065234974,1001.8419,5.67181044575535,1001.8271917187284,0,0
33.1,7.255250999999999,-6.6999726,-0.069968954,1001.84924,5.672009741129888,1001.8272389216072,0,0
33.120000000000005,7.2552557,-6.6284747,-0.013155654,1001.8392,5.672192237546028,1001.827323689953,0,0
33.14,7.111867,-6.709506,-0.09837447,1001.8165,5.67225642044409,1001.8273596259796,0,0
33.160000000000004,7.240926299999999,-6.7524047000000005,-0.03209235,1001.82153,5.672471558740014,1001.8273703923993,0,0
33.18,7.3365273,-6.652307,-0.036826286,1001.8467,5.672824781385787,1001.8274494921948,0,0
33.2,7.2982936,-6.595109,-0.08416985,1001.8366,5.673160653058447,1001.8275523266024,0,0
33.22000000000001,7.1310053,-6.6046424,-0.22620155,1001.82404,5.673241534814077,1001.8276305467093,0,0
33.24,7.0401936,-6.819137,0.01998789,1001.8367,5.673260938457159,1001.8277323120273,0,0
33.260000000000005,7.140165,-6.7047296,-0.084206045,1001.83405,5.673212913985928,1001.8278449755388,0,0
33.28,7.245309,-6.695197,-0.14575437,1001.8291,5.673253372785537,1001.8279490431064,0,0
33.300000000000004,7.2309594,-6.752395,-0.15048975,1001.8163,5.673431070736711,1001.8279990606533,0,0
33.32,7.1879287,-6.6999619999999975,-0.24991338,1001.8366,5.673593879909624,1001.8280742195392,0,0
33.34,7.2022576,-6.6236973,-0.45349374,1001.8188,5.673672334502308,1001.8281072427408,0,0
33.36000000000001,7.187907000000001,-6.6999619999999975,-0.25464973,1001.8441,5.673746803374008,1001.8281939959676,0,0
33.38,7.297830999999999,-6.6475296,-0.29726040000000004,1001.83887,5.673914098686888,1001.8283090847336,0,0
33.40000000000001,7.259581599999999,-6.7237945,-0.1504949,1001.84393,5.674204570731205,1001.8284670124623,0,0
33.42,7.230892,-6.609397,-0.027401347000000003,1001.85913,5.674395660437112,1001.8287169441584,0,0
33.440000000000005,7.1591825,-6.6093965,-0.07001212,1001.8438,5.674388927370972,1001.8289920828058,0,0
33.46,7.0922550000000015,-6.7619257,0.04361267,1001.83624,5.674322570659128,1001.8292612878167,0,0
33.480000000000004,6.9297304,-6.838191,-0.03213891,1001.84393,5.6740715634605525,1001.8295519647282,0,0
33.5,7.034875,-6.776225599999999,-0.041608702,1001.8491,5.673724948833642,1001.8298791797744,0,0
33.52,7.11612,-6.699960000000001,-0.07001625,1001.8134,5.673308408781643,1001.8301089819416,0,0
33.540000000000006,7.1113285999999984,-6.6665936000000015,-0.2972687,1001.8212,5.672785736755007,1001.830279962802,0,0
33.56,7.183016,-6.6904263,-0.22151907,1001.8237,5.6723096305983685,1001.830407353624,0,0
33.580000000000005,7.2499204,-6.6808929999999975,-0.1552386,1001.8313,5.6719622722447625,1001.8305231296813,0,0
33.6,7.3263874000000015,-6.5950940000000005,-0.15997392,1001.8388,5.671727505082747,1001.8306552261383,0,0
33.620000000000005,7.1256227,-6.6522926999999985,-0.06055258,1001.8184,5.671363499901937,1001.830727827754,0,0
33.64,7.0443563,-6.8381886,-0.11263195,1001.8284,5.671031639755603,1001.8307835983612,0,0
33.660000000000004,7.0586843,-6.823889,-0.027413692000000003,1001.8491,5.670728824244728,1001.8308988163162,0,0
33.68,7.202067,-6.7333235999999985,0.034132514,1001.8235,5.670539096406054,1001.8309739871623,0,0
33.7,7.1590365999999985,-6.6999580000000005,-0.12683836,1001.83136,5.670338867996361,1001.831041797768,0,0
33.72000000000001,7.0777698,-6.7905216,-0.24046497,1001.8187,5.6701413659926745,1001.8310572847473,0,0
33.74,7.0681977,-6.771456,-0.23573168,1001.8286,5.669904972095655,1001.8310621228172,0,0
33.760000000000005,7.154886,-6.804836999999999,-0.14571838,1001.83124,5.669809639480232,1001.8310670380936,0,0
33.78,7.0975432000000005,-6.71904,-0.098373055,1001.8313,5.669628883377298,1001.8310722198944,0,0
33.800000000000004,7.1501365,-6.7905383000000015,-0.15044999,1001.8088,5.669556227800505,1001.8309966185424,0,0
33.82,7.1358123,-6.7810054000000015,-0.12204218,1001.8235,5.669543306742744,1001.8309028293608,0,0
33.84,7.178846000000001,-6.7810054000000015,-0.008415088000000001,1001.82886,5.6696465789548025,1001.8308126030544,0,0
33.86000000000001,7.212319,-6.7714734,0.010523872,1001.8539,5.669889218127003,1001.8308159937187,0,0
33.88,7.202775,-6.723808,0.0010564402,1001.8184,5.670171927744647,1001.8307742921327,0,0
33.90000000000001,7.121532000000001,-6.8239064,-0.12203677,1001.8134,5.670510872344399,1001.8306748971596,0,0
33.92,7.1597867,-6.771474400000002,0.029465662000000007,1001.8235,5.670879257059255,1001.8305612421312,0,0
33.940000000000005,7.2506166,-6.7047424,-0.117299676,1001.81335,5.671316834238237,1001.8303988560766,0,0
33.96,7.1550354999999985,-6.776242,-0.22618957,1001.8034,5.671774411407987,1001.8301581758768,0,0
33.980000000000004,7.0498962,-6.7571754,-0.13623443,1001.8689,5.672059041814362,1001.8300849814192,0,0
34.0,7.0690293,-6.8096074999999985,-0.11729549,1001.836,5.672293495495048,1001.8300416008632,0,0
34.02,7.1455216,-6.8000755,0.0010660402,1001.841,5.672582447684244,1001.8300427200412,0,0
34.040000000000006,7.1789956,-6.7190447,-0.08888626,1001.8538,5.672854351059537,1001.8301292351545,0,0
34.06,7.112093400000001,-6.7524104000000005,-0.027337622,1001.8208,5.673055840139737,1001.830172094662,0,0
34.080000000000005,7.155125999999999,-6.7333446,-0.041539524,1001.83105,5.673232267743492,1001.830213125782,0,0
34.1,7.1312422999999985,-6.7190455999999985,-0.122023016,1001.8413,5.673330797735263,1001.8302892936267,0,0
34.120000000000005,7.097799,-6.7285786,-0.032067906,1001.8563,5.67332176336815,1001.8304502340776,0,0
34.14,7.2412076,-6.8096104,-0.14569232,1001.83856,5.673552181863206,1001.8306216362172,0,0
34.160000000000004,7.1073875,-6.828677000000001,-0.14095652,1001.836,5.67381893046859,1001.830792449257,0,0
34.18,7.0213666,-6.6713809999999985,-0.088876665,1001.8208,5.67376044838331,1001.830907406842,0,0
34.2,7.097859,-6.6618485,-0.16462578,1001.8208,5.673518836689018,1001.8309725966992,0,0
34.22000000000001,7.1647906,-6.719048,-0.04152995,1001.8056,5.6732963688215685,1001.8309388571092,0,0
34.24,7.145685,-6.7762465,0.020018637,1001.8184,5.6731441514867385,1001.8308639049216,0,0
34.260000000000005,7.2262645,-6.738097,-0.074731514,1001.83856,5.673122793503003,1001.8308253831112,0,0
34.28,7.1402144,-6.6904315999999975,-0.11260797,1001.82074,5.673019587526772,1001.8307550378604,0,0
34.300000000000004,7.178441,-6.7380967000000025,-0.26884443,1001.83325,5.672976438096796,1001.8307018626602,0,0
34.32,7.149749000000001,-6.771462400000001,-0.2215016,1001.82324,5.67298824426541,1001.8306280143477,0,0
34.34,7.192755,-6.7476296,-0.16942427,1001.79803,5.673077482265338,1001.8304454091274,0,0
34.36000000000001,7.1879625,-6.6761303,-0.20730066,1001.8356,5.673127658531808,1001.8303026156816,0,0
34.38,7.140152499999999,-6.695197,-0.093676016,1001.846,5.673093907410425,1001.8302329539766,0,0
34.40000000000001,7.0445437,-6.8095937000000015,-0.11734918,1001.8231,5.673006675691387,1001.8301457222597,0,0
34.42,7.08277,-6.8000603,-0.0131934695,1001.83093,5.672914532533162,1001.8300714677143,0,0
34.440000000000005,7.197472,-6.6475300000000015,-0.09367949,1001.7905,5.6727755135714375,1001.8298633991144,0,0
34.46,7.1640015,-6.657063000000001,-0.19310309,1001.8132,5.672561039174633,1001.8296195614627,0,0
34.480000000000004,7.135311,-6.761926700000001,-0.2309794,1001.836,5.672388004504057,1001.8294270760924,0,0
34.5,7.140077000000002,-6.7952924,-0.2167774,1001.8359,5.672306462532503,1001.8292802985452,0,0
34.52,7.1257253,-6.771459599999999,-0.13629374,1001.84607,5.672247314924357,1001.8292110488296,0,0
34.540000000000006,7.0826949999999975,-6.723794,-0.18363883,1001.83344,5.672076716686478,1001.8291650840056,0,0
34.56,7.063563,-6.771458999999999,-0.24045287,1001.8031,5.671850417773133,1001.829030635184,0,0
34.580000000000005,7.0826697,-6.8048244,-0.10315628,1001.8307,5.671647373517975,1001.828917845919,0,0
34.6,7.1734740000000015,-6.790524,-0.07001653,1001.8608,5.671581066707022,1001.8289329610792,0,0
34.620000000000005,7.135223,-6.7476254,-0.19784665,1001.8307,5.6715204153799865,1001.8289526781746,0,0
34.64,7.116091,-6.7619243,-0.27833262,1001.83075,5.671460624476238,1001.8289765705588,0,0
34.660000000000004,7.049161,-6.8238892999999985,-0.29253703,1001.83075,5.671391422320024,1001.8290040662152,0,0
34.68,7.0204706,-6.7905229999999985,-0.11263077,1001.8284,5.671215361377574,1001.829026186739,0,0
34.7,7.101713,-6.785756,-0.022678278,1001.8407,5.671059082460975,1001.8290877581617,0,0
34.72000000000001,7.111261,-6.800056,-0.19311796,1001.80786,5.6709596126556265,1001.8290657427412,0,0
34.74,7.0969095,-6.7428565,-0.19785355,1001.8409,5.6708072954965445,1001.829088893242,0,0
34.760000000000005,7.2022104,-6.704727,-0.17416815,1001.8434,5.670713018827405,1001.8291608690083,0,0
34.78,7.245222599999999,-6.7476270000000005,-0.10315269,1001.836,5.670794469785478,1001.8292490876677,0,0
34.800000000000004,7.120941,-6.757159,-0.18837251,1001.8132,5.670858900142823,1001.8292692609593,0,0
34.82,7.1209345,-6.795292,-0.2641236,1001.8257,5.670966294201299,1001.8292742367403,0,0
34.84,7.178286,-6.8000584,-0.20257688,1001.84326,5.671201427480247,1001.8293289820878,0,0
34.86000000000001,7.2643156000000015,-6.6570616,-0.13629583,1001.8333,5.671474443485574,1001.8293916507416,0,0
34.88,7.049219,-6.7523923,-0.15049958,1001.84576,5.671589617404393,1001.8295059508213,0,0
34.90000000000001,7.039653,-6.7571583,-0.159969,1001.85065,5.671557726363938,1001.8296830649488,0,0
34.92,7.010967999999999,-6.871556,-0.08895345,1001.8384,5.671516866111642,1001.829870943958,0,0
34.940000000000005,7.163916,-6.695194,-0.10315727,1001.8355,5.6714447235117476,1001.8300572184523,0,0
34.96,7.1734686000000005,-6.7047257,-0.14576745,1001.82825,5.6713743536177645,1001.8302153046092,0,0
34.980000000000004,7.0205097000000025,-6.7666910000000025,-0.2309873,1001.8583,5.6711673103899525,1001.8304560944408,0,0
35.0,7.0396220000000005,-6.838189999999999,-0.1978471,1001.84576,5.670970592469468,1001.8307239503956,0,0
35.02,7.1399918000000016,-6.7619243,-0.06528428,1001.8356,5.670820843386665,1001.8309781816963,0,0
35.040000000000006,7.1447654000000025,-6.747625,-0.12683214,1001.8534,5.670701172791108,1001.8312835390193,0,0
35.06,7.082622,-6.7523913,-0.19784881,1001.8307,5.6705240896985325,1001.8315512520094,0,0
35.080000000000005,7.044377000000001,-6.8238892999999985,-0.19311495,1001.8332,5.670342365104783,1001.8317937387004,0,0
35.1,7.1208477,-6.776223700000001,-0.098427415,1001.8283,5.67020030437122,1001.8319954224808,0,0
35.120000000000005,7.130400999999999,-6.814356,-0.14577198,1001.83575,5.670164083758338,1001.8321871467488,0,0
35.14,7.106496000000001,-6.723791,-0.11263174,1001.79034,5.6700549042953625,1001.8322059045836,0,0
35.160000000000004,7.120829,-6.7619232999999985,-0.24046125,1001.8257,5.669962566844476,1001.8321990577497,0,0
35.18,7.030006,-6.928753,-0.09842974,1001.82294,5.669985774161647,1001.8321596752794,0,0
35.2,7.168614999999999,-6.695192,-0.10316466,1001.80286,5.6699828871964435,1001.8320193980977,0,0
35.22000000000001,7.202067,-6.719024,-0.2073222,1001.8257,5.6700449872333945,1001.8318726993467,0,0
35.24,7.0586667,-6.7714562,-0.14104103,1001.8157,5.670020239280679,1001.8316848546127,0,0
35.26000000000001,6.9976554,-6.91448,-0.050984222,1001.82544,5.670033518918832,1001.8314963935292,0,0
35.28,7.021594,-6.7905507,-0.055715036,1001.82794,5.6699359262814175,1001.831317066299,0,0
35.30000000000001,7.0885506,-6.8382172999999975,-0.084117875,1001.8202,5.669910062092027,1001.8311185913198,0,0
35.32,7.088592,-6.804852,-0.09358287,1001.8129,5.669899825398391,1001.8308776318994,0,0
35.34,7.0934089999999985,-6.852519,-0.12198593,1001.8305,5.669980010751864,1001.8306633606807,0,0
35.36000000000001,7.098228,-6.7476554,-0.09357588,1001.83295,5.6699955949866725,1001.8304822625336,0,0
35.38,7.098267599999999,-6.833454,-0.107775524,1001.8076,5.670077670234593,1001.8302398680652,0,0
35.40000000000001,7.0266094,-6.828689,-0.060427856,1001.8179,5.67010342388467,1001.8299812647883,0,0
35.42,7.045766,-6.809623200000001,-0.107768536,1001.83295,5.67008117675603,1001.8297634503797,0,0
35.44000000000001,7.098383,-6.8525240000000025,-0.07462411,1001.81287,5.670156559377662,1001.8295101731463,0,0
35.46,7.194017999999999,-6.76196,-0.09355812,1001.8355,5.6703323670513335,1001.8293079407599,0,0
35.48000000000001,7.203614999999999,-6.7285949999999985,-0.12196116,1001.838,5.6705640636249965,1001.8291605396364,0,0
35.5,7.069819,-6.8334600000000005,-0.18350483,1001.8079,5.670794834991424,1001.8289537580612,0,0
35.52,6.98382,-6.924025500000001,-0.15982942,1001.8355,5.67102704629282,1001.8287946123323,0,0
35.540000000000006,7.0890174,-6.8334618,-0.13615361,1001.8177,5.6712837160932805,1001.8286140505617,0,0
35.56,7.117735400000001,-6.738132000000001,-0.14088437,1001.8483,5.671467516473732,1001.8285253755992,0,0
35.58000000000001,7.026956,-6.8191643,-0.14088102,1001.8431,5.671566594979844,1001.8284994910499,0,0
35.6,7.0413322,-6.9001966,-0.08406477,1001.8381,5.671728074912022,1001.8285111812947,0,0
35.62000000000001,7.136968,-6.809633,-0.117202014,1001.8305,5.67195686311756,1001.8285286705425,0,0
35.64,7.141787,-6.8477664,-0.14087044,1001.82294,5.672306960898429,1001.8285240048276,0,0
35.66000000000001,7.0318937,-6.776269,-0.16927306,1001.8455,5.6724963001920745,1001.8285809957847,0,0
35.68,7.0606065000000005,-6.79057,-0.23555155,1001.8202,5.672609356089338,1001.8286011814096,0,0
35.7,7.041527,-6.909734200000001,-0.10298465,1001.82043,5.672793973378768,1001.8285896011746,0,0
35.72000000000001,7.027224,-6.8811364,-0.10298127,1001.83295,5.672978322695285,1001.8285950663147,0,0
35.74,7.1706576,-6.700008,-0.107712075,1001.8076,5.673117084159544,1001.8285243130736,0,0
35.76000000000001,7.1166077,-6.7381043000000025,-0.098378,1001.80005,5.6731872807710575,1001.828359287983,0,0
35.78,7.083125999999999,-6.8477345000000005,-0.12678652,1001.8227,5.673304550396384,1001.828193098376,0,0
35.80000000000001,7.059205499999999,-6.8000690000000015,-0.09364766,1001.833,5.673357653914387,1001.8280635580852,0,0
35.82,7.0878644,-6.8048350000000015,-0.11732152,1001.8431,5.673404195903107,1001.8280032274748,0,0
35.84,7.0591664000000005,-6.785767999999999,-0.10785447,1001.833,5.67337408168638,1001.8279679077292,0,0
35.86000000000001,7.073483,-6.814367,-0.13152859,1001.82043,5.673339596431327,1001.8279095627336,0,0
35.88,7.097360000000001,-6.8477320000000015,-0.14099935,1001.82776,5.673385496855026,1001.8278574706698,0,0
35.90000000000001,7.078218,-6.7714667,-0.1883455,1001.82794,5.673365418215789,1001.8278117392281,0,0
35.92,7.1164380000000005,-6.7666993,-0.16467522,1001.85284,5.673336865643487,1001.8278614326648,0,0
35.94000000000001,7.1355357,-6.733333,-0.14100514,1001.8402,5.673281290293205,1001.8279497606276,0,0
35.96,7.030357,-6.8953953,-0.13627286,1001.81256,5.673277884548415,1001.8279724040773,0,0
35.98000000000001,7.059017,-6.857262599999999,-0.046320874000000005,1001.8431,5.673306121203757,1001.8280468711748,0,0
36.0,7.168930499999999,-6.6951994999999975,-0.09366691,1001.8556,5.67329601672342,1001.8282118615663,0,0
36.02,7.1928096,-6.6570663,-0.19782566,1001.8506,5.6732376725076294,1001.8284382443744,0,0
36.040000000000006,7.11631,-6.7619295,-0.15048371,1001.8302,5.673168272937919,1001.8286446185436,0,0
36.06,7.0971704,-6.838195,-0.12207912,1001.823,5.673169374280666,1001.8288066501332,0,0
36.08000000000001,7.121047999999999,-6.790528,-0.036861803,1001.8177,5.6731986085399555,1001.8289098373046,0,0
36.1,7.1449240000000005,-6.7666945000000025,-0.17416166,1001.83514,5.673257503321509,1001.8290234420757,0,0
36.12000000000001,7.1114454,-6.7809940000000015,-0.1836323,1001.81506,5.673312789730487,1001.8290735548596,0,0
36.14,7.1066437,-6.790526400000001,-0.11261819,1001.8352,5.6733689243780825,1001.829139889718,0,0
36.16,7.097064,-6.790526,-0.122088864,1001.84534,5.673411450851889,1001.829256823596,0,0
36.18,7.1257215,-6.7476270000000005,-0.1836381,1001.8101,5.673425462476804,1001.8292911818054,0,0
36.2,7.1065803,-6.776225599999999,-0.09368639,1001.8202,5.6734236906704005,1001.8292888124647,0,0
36.22000000000001,7.1639165999999985,-6.809591,-0.18837646,1001.8198,5.673544909942199,1001.8292525591906,0,0
36.24,7.1113186,-6.8715553,-0.04634617,1001.83527,5.67378104794515,1001.8292421885844,0,0
36.26000000000001,7.264375,-6.6475296,-0.07000874,1001.8506,5.67403093414798,1001.829309913238,0,0
36.28,7.2595806,-6.5903306,-0.22151108,1001.8453,5.674209302087405,1001.8294273190544,0,0
36.3,7.0970516,-6.7523932,-0.16469966,1001.8703,5.67430337774712,1001.8296782004846,0,0
36.32,7.006218,-6.9239883,-0.060544338,1001.81506,5.674432892727048,1001.8298472537947,0,0
36.34,7.0922399999999985,-6.795291400000001,-0.041608054,1001.8431,5.674534641705747,1001.8300443391862,0,0
36.36000000000001,7.073103,-6.728559,-0.10789132,1001.8249,5.674487998799024,1001.8301999642172,0,0
36.38,7.00617,-6.800057400000001,-0.12209605,1001.81506,5.674313403486189,1001.8302829706228,0,0
36.40000000000001,6.9965944,-6.8429556,-0.088956624,1001.82275,5.674073597884378,1001.8303291963887,0,0
36.42,7.063495,-6.7619240000000005,-0.17891182,1001.8075,5.673762408875714,1001.8302878563687,0,0
36.44000000000001,7.0682583,-6.795289,-0.093694046,1001.83,5.6734419473589766,1001.8302502920441,0,0
36.46,7.0252233,-6.6999583,-0.112633154,1001.82513,5.67291323309488,1001.8301986671553,0,0
36.48,7.1208034,-6.780989,-0.21679156,1001.8048,5.672466021876236,1001.830061616202,0,0
36.5,7.101668400000001,-6.823888,-0.0037447922,1001.83746,5.672120365788219,1001.8299671521612,0,0
36.52,7.2211485,-6.676123599999999,-0.074762285,1001.83276,5.671836337877989,1001.8298937379867,0,0
36.540000000000006,7.2067924,-6.6427580000000015,-0.13631105,1001.8201,5.671540202021098,1001.8297936117656,0,0
36.56,7.082501,-6.6999559999999985,-0.07003088,1001.83746,5.671125307671938,1001.8297327392343,0,0
36.58000000000001,7.044246,-6.8667855,-0.022688322,1001.83,5.670789331181332,1001.8296799144044,0,0
36.6,7.0251102,-6.7619205,0.053060606,1001.83514,5.670344326681419,1001.8296528946927,0,0
36.62000000000001,7.0442133,-6.8095856,0.000980664,1001.8302,5.669901644029357,1001.8296309896547,0,0
36.64,7.0824365999999985,-6.780986,-0.1315841,1001.8477,5.669480481847635,1001.8296766828005,0,0
36.66,7.1397770000000005,-6.881083,-0.2120705,1001.8453,5.669312804951987,1001.8297733012056,0,0
36.68,7.2162380000000015,-6.776219,-0.15999353,1001.8174,5.6693326003820905,1001.8298141293443,0,0
36.7,7.206662700000001,-6.6093884,-0.15999494,1001.84015,5.669267545079673,1001.829887414222,0,0
36.72000000000001,7.053692,-6.685653,-0.1931373,1001.8274,5.669004561573442,1001.8299432140487,0,0
36.74,6.953297599999999,-6.8524823,-0.036903623,1001.8198,5.668654728635888,1001.8299560032052,0,0
36.76000000000001,6.968945,-7.0336432,0.12892023,1001.8276,5.6685199409662985,1001.829958822092,0,0
36.78,7.0693555,-6.842982000000001,0.147861,1001.8226,5.668446063315701,1001.8299348211012,0,0
36.8,7.1363119999999975,-6.7238190000000015,-0.08412123,1001.82745,5.668354297612648,1001.8299046684697,0,0
36.82,6.964273,-6.8048509999999975,-0.21194704,1001.8375,5.668109685085042,1001.8299053687978,0,0
36.84,6.9595304,-6.8906503,-0.107786775,1001.84,5.667845360425662,1001.82994232828,0,0
36.86000000000001,7.074282000000001,-6.890650999999999,-0.07937695,1001.80725,5.667734173290168,1001.8298932932968,0,0
36.88,7.0886583,-6.8096204,-0.12671763,1001.8398,5.667664113989133,1001.8298856301298,0,0
36.90000000000001,7.088692999999999,-6.804855,-0.08883923,1001.8402,5.667622976143322,1001.8299159906868,0,0
36.92,6.9931364,-6.871587299999999,-0.112507656,1001.83514,5.667562207836423,1001.8299616237083,0,0
36.94000000000001,7.06009,-6.8382229999999975,-0.06042586,1001.80725,5.667534542661017,1001.8299201832012,0,0
36.96,7.1270440000000015,-6.7714919999999985,-0.013078462,1001.8398,5.667540267133132,1001.8299191337094,0,0
36.98,7.1175190000000015,-6.8525243,0.015331114,1001.8023,5.6676775851684615,1001.8298187774968,0,0
37.0,7.1605716,-6.752427000000001,-0.08882260000000003,1001.82996,5.667852758037971,1001.8297306111486,0,0
37.02,6.9646363,-6.9716897,-0.088819236,1001.80725,5.668086237957491,1001.8295717771634,0,0
37.040000000000006,7.0076914000000015,-6.8668265,-0.07461268,1001.8552,5.6682803645213085,1001.829523693056,0,0
37.06,7.0985426999999985,-6.833461,-0.10301596,1001.8501,5.668526690782411,1001.8295552806436,0,0
37.08000000000001,6.9934235000000005,-6.890661200000001,-0.18349744,1001.85504,5.668747125178852,1001.8296749364259,0,0
37.1,6.94566,-6.9478602,-0.098275006,1001.8475,5.6689546543707054,1001.8298448345039,0,0
37.12000000000001,7.0412927,-6.895428999999999,-0.02252116,1001.83514,5.669213679812857,1001.8300140190416,0,0
37.14,6.969635,-6.919263000000001,-0.013048779,1001.8501,5.669445965624957,1001.8302358200303,0,0
37.16,6.9840107000000025,-6.876365,-0.0935303,1001.82745,5.669613258639027,1001.830421774432,0,0
37.18,7.0748570000000015,-6.904965,-0.08405873,1001.81744,5.6698987892742325,1001.8305393493532,0,0
37.2,7.0271,-6.8668337,-0.131399,1001.83246,5.670162461951097,1001.8306501528964,0,0
37.22000000000001,7.060596,-6.9288,-0.06984837,1001.8068,5.670544412412722,1001.830662198356,0,0
37.24,6.9984927,-6.862068700000001,-0.1313925,1001.82715,5.670841542850268,1001.8306601978104,0,0
37.26000000000001,7.0168610000000005,-6.8048509999999975,-0.16933644,1001.8071,5.671008180869093,1001.8305736134164,0,0
37.28,7.016866,-6.943082,-0.10778868,1001.79974,5.6712581521289875,1001.8303861064372,0,0
37.3,7.0120916,-6.9192490000000015,-0.017834578,1001.82733,5.67153779115005,1001.8302094232872,0,0
37.32,7.1268115000000005,-6.828685000000001,-0.10305342,1001.81213,5.671883449138953,1001.8299882201325,0,0
37.34,7.0646796,-6.809618,-0.18353778,1001.8222,5.672168074744349,1001.8297647274319,0,0
37.36000000000001,6.983428,-6.8811173,-0.19300614,1001.8247,5.6723809048441565,1001.8295490162633,0,0
37.38,6.997772,-6.938316,-0.07464558,1001.81476,5.6726309470320055,1001.8293051734157,0,0
37.40000000000001,7.0599149999999975,-6.8620505000000005,-0.13145798,1001.8222,5.672895330345888,1001.8290641352517,0,0
37.42,7.102938000000001,-6.8429850000000005,-0.10778548,1001.8524,5.6732075379662525,1001.8289351630427,0,0
37.44000000000001,7.2176585000000015,-6.8477516000000005,-0.1693323,1001.81226,5.6737418464777765,1001.8287611726123,0,0
37.46,7.332378999999999,-6.723821000000001,-0.4013176,1001.81714,5.674482970768866,1001.8285655984464,0,0
37.48,7.3897414,-6.552225599999999,-0.44392687,1001.83734,5.675257776521575,1001.8284243769592,0,0
37.5,7.1794353000000015,-6.547459,-0.33976945,1001.8322,5.675719511838839,1001.8283131858957,0,0
37.52,7.007367,-6.690456,-0.22140889,1001.8272,5.6758371619298025,1001.8282109300028,0,0
37.540000000000006,6.7349229999999976,-7.1337457,0.0058429763,1001.8297,5.675899230625948,1001.828125937348,0,0
37.56,6.801845599999999,-7.076547,0.22362602,1001.8499,5.675927114758659,1001.8281292244636,0,0
37.58000000000001,6.7922907000000015,-6.8191533,0.08632879,1001.8272,5.675523914682143,1001.8281287837508,0,0
37.6,6.758837,-6.704756,-0.07464057,1001.8423,5.67452388855058,1001.8281794107156,0,0
37.62000000000001,6.6202273,-6.881119,0.07212646,1001.8322,5.673059095449501,1001.8282386188232,0,0
37.64,7.0743155,-6.8239207,0.11947107,1001.81476,5.6717727675530805,1001.8282424120794,0,0
37.66,7.4662633,-6.685690400000001,0.16681549,1001.8423,5.6710513246920025,1001.8282963711168,0,0
37.68,7.5092864000000015,-6.5140944,-0.16932684,1001.81714,5.6706629802735256,1001.8283038863864,0,0
37.7,7.0647697,-6.5140944,-0.42971858,1001.8222,5.669898589159772,1001.8282885528874,0,0
37.72000000000001,7.270306,-6.7953215,-0.1693259,1001.8423,5.6694984817729175,1001.8283254454176,0,0
37.74,7.5236406,-6.747656,0.256771,1001.8222,5.6697469504827165,1001.8283359920537,0,0
37.76000000000001,7.0365467000000015,-6.9907613,0.11477968,1001.83734,5.670172746745629,1001.8283777254896,0,0
37.78,6.792798,-6.8000994000000015,-0.093532145,1001.8295,5.670114704829618,1001.828418641342,0,0
37.8,6.974455,-6.962163,-0.055654693,1001.8498,5.670133902366155,1001.8285317674803,0,0
37.82,7.3998789999999985,-6.6904693,-0.06038713,1001.8322,5.670473491082808,1001.8286449313733,0,0
37.84,7.323425,-6.6094384,-0.37759018,1001.81213,5.670878773817719,1001.8286854692365,0,0
37.86000000000001,7.4525070000000015,-6.5045753,0.110056,1001.822,5.671382884420433,1001.8286972208026,0,0
37.88,7.4095054,-6.7000046000000015,0.2568241,1001.827,5.672181059759119,1001.8287014944916,0,0
37.90000000000001,7.1992183,-6.7190714000000025,0.46040574,1001.83484,5.672956626390032,1001.8287273693434,0,0
37.92,7.313953999999999,-6.6761727,0.5172204,1001.8548,5.673829885984563,1001.8288440938323,0,0
37.94000000000001,7.495609299999999,-6.633274,0.3988624,1001.8271,5.6749959949000575,1001.8289409528534,0,0
37.96,7.428716,-6.6857076,0.48408392,1001.86237,5.676393339889673,1001.829146882054,0,0
37.98,7.529114,-6.5760770000000015,0.21422477,1001.8295,5.677975365954295,1001.8293301123199,0,0
38.0,7.691648,-6.528412,0.3420557,1001.80676,5.679913524592787,1001.829410762179,0,0
38.02,7.256709,-6.7715070000000015,0.67820054,1001.8295,5.681856007402786,1001.8294823456504,0,0
38.040000000000006,6.6496964000000025,-6.9240369999999976,0.6166554,1001.8371,5.683112132374054,1001.8295730203612,0,0
38.06,6.5350027000000015,-6.7953405,0.21896729,1001.8347,5.683363384411719,1001.8296715976628,0,0
38.08000000000001,7.5770240000000015,-6.2948527,0.03906215,1001.8395,5.683599757191943,1001.8297940828146,0,0
38.1,8.23666,-6.3711185,0.1716274,1001.8347,5.684993924987025,1001.8299199719968,0,0
38.12000000000001,7.1660056,-6.800109,0.469897,1001.8674,5.686316003943398,1001.8301661357788,0,0
38.14,5.7368739999999985,-7.448361,-0.1834481,1001.83484,5.686558002844717,1001.8304004720078,0,0
38.16,6.305685,-6.8144097000000015,-0.06508666,1001.80945,5.685597710678669,1001.8305321098004,0,0
38.18,7.548456699999999,-6.609448,0.23791732,1001.8347,5.685140407605215,1001.8306634293589,0,0
38.2,7.57238,-6.390187,0.22371632,1001.842,5.684869199615165,1001.8308202749748,0,0
38.22000000000001,6.974925999999999,-7.1909695000000005,0.10535815,1001.82434,5.684987133116658,1001.8309355347716,0,0
38.24,6.788535,-6.8763776,0.039078467,1001.8319,5.684709202621344,1001.8310408504024,0,0
38.26000000000001,7.022013,-6.657098,0.19998120000000005,1001.832,5.684114222483539,1001.8311373602324,0,0
38.28,7.280114999999999,-6.342505,0.005869923000000001,1001.842,5.683194137378683,1001.8312617418213,0,0
38.3,7.361364999999997,-6.6332645,0.3467464000000001,1001.82684,5.682529895820951,1001.8313557271229,0,0
38.32,7.366136,-6.690462599999999,0.19997911,1001.8345,5.682172789723872,1001.8314500919174,0,0
38.34,7.557322,-6.485501,0.024805527,1001.83435,5.682100171757605,1001.8315439123191,0,0
38.36000000000001,7.5620937,-6.4235352999999975,-0.13616492,1001.8371,5.682204980457523,1001.8316468139417,0,0
38.38,7.270518300000001,-6.685696000000001,-0.19297855,1001.8446,5.682374932258008,1001.8317843692853,0,0
38.40000000000001,7.1223364,-6.723828,0.053209864,1001.8145,5.682426901518059,1001.8318436894574,0,0
38.42,7.093651,-6.8382254,-0.09355736,1001.8392,5.682496041863023,1001.8319225874794,0,0
38.44000000000001,7.1223216,-6.857290700000001,-0.1551053,1001.84717,5.682652119233638,1001.8320471924568,0,0
38.46,7.012378,-6.8715906,-0.12669961,1001.814,5.682740412949834,1001.8320923235216,0,0
38.48,6.8450775,-6.995521000000001,-0.18824755,1001.8245,5.682706970270335,1001.8321048689662,0,0
38.5,6.7255754,-7.1337509999999975,-0.24506108,1001.8216,5.68260383854358,1001.8320781365927,0,0
38.52,6.7924848,-7.033653299999999,-0.14563924,1001.8191,5.682380872843504,1001.8320077945757,0,0
38.540000000000006,6.897634,-6.924021700000001,-0.20245278,1001.8167,5.682045286344462,1001.831890532309,0,0
38.56,6.9406443,-7.005053,-0.2782039,1001.8245,5.6817976781390405,1001.8317603134536,0,0
38.58000000000001,6.8880577,-7.100384,0.024797134,1001.83167,5.681685579315995,1001.8316449269447,0,0
38.6,6.921509,-6.8906554999999985,0.048468444000000006,1001.8497,5.681432414482438,1001.8316079696884,0,0
38.62000000000001,7.0457773,-6.776258,0.015327049,1001.83417,5.681073608097442,1001.8315845375661,1,4
38.64,6.974073,-6.781024499999999,0.19523373,1001.82916,5.680526546606735,1001.8315551046072,1,4
38.66,6.921488,-7.009819,0.42721894,1001.82684,5.6800876804551645,1001.8315121232685,1,4
38.68,6.864121000000001,-7.0956163,0.55031264,1001.8393,5.679802798066156,1001.8315021813137,1,4
38.7,6.787638,-7.0050516000000025,0.5029680999999999,1001.8467,5.679404270125469,1001.8315481087496,1,4
38.72000000000001,6.916684,-6.638026700000001,0.49823284,1001.8295,5.678558651177582,1001.8315813170404,1,4
38.74,7.203466400000001,-6.085106,0.6260611999999999,1001.8116,5.6770109755861,1001.8315387271448,1,4
38.76000000000001,7.901689,-5.5607944000000025,0.21893641,1001.80164,5.675293979442983,1001.8313934592957,1,4
38.78,8.633005,-5.379665,-0.32078522,1001.84424,5.674498397529286,1001.8313113481703,1,4
38.8,9.531618,-5.498829,0.74445677,1001.82666,5.676290972379356,1001.8312220499272,1,4
38.82,9.789735,-6.008851,1.5540406,1001.84424,5.6815324886945175,1001.8311900106193,1,4
38.84,9.808862,-6.4187746,1.7339487,1001.85425,5.690340008169786,1001.8312447166486,1,4
38.86000000000001,8.991522999999997,-6.7190685,1.5351043,1001.8392,5.701184329465908,1001.8313216939163,1,4
38.88,8.523109,-7.8487425,1.5114329,1001.85187,5.714528155306237,1001.8314636849317,1,4
38.90000000000001,4.8378873,-9.402641,0.1621283,1001.84424,5.727727212281038,1001.8316351429272,1,4
38.92,1.3629755,-11.118601,-2.6217012000000004,1001.8345,5.74268180640113,1001.8317969566976,1,4
38.94000000000001,1.0092796,-10.947005,-2.4465272,1001.8216,5.758630435210844,1001.8319032263008,1,4
38.96,2.720457,-11.671521,-0.8936417999999999,1001.8492,5.7769697881807955,1001.8320593945081,1,4
38.98,4.1209455,-11.6858225,-1.0451423,1001.8015,5.798223323667117,1001.8320873709152,1,4
39.0,5.258548,-11.085237,-2.844215,1001.8291,5.822306762522841,1001.8321013363336,1,4
39.02,6.2766533,-10.398851,-3.4786248,1001.8446,5.848887123512032,1001.8321586713664,1,4
39.040000000000006,7.390353,-10.04136,-2.9199643,1001.82135,5.877932586204118,1001.8321704213844,1,4
39.06,8.241166999999999,-8.925985,-2.446523200000001,1001.83966,5.908194049828321,1001.8322077661833,1,4
39.08000000000001,8.657017999999999,-7.8296785,-0.67585516,1001.8467,5.937965101016425,1001.8322929360893,1,4
39.1,8.413257000000002,-6.8239350000000005,0.19527602,1001.83167,5.96541328236483,1001.8323659496484,1,4
39.12000000000001,8.155151,-6.2757809999999985,0.17633887,1001.84674,5.989582300322992,1001.8324822110104,1,4
39.14,8.513647,-5.341536,0.034307625,1001.8216,6.010265411748228,1001.8325457635899,1,4
39.16,9.206726,-4.907779,0.24262214,1001.8393,6.028594759453823,1001.8326262339008,1,4
39.18,9.536538,-4.454957,0.6781879,1001.83167,6.045010431666013,1001.8326938950252,1,4
39.2,11.348091,-4.6313195,0.4651403,1001.8217,6.063246827674904,1001.8327141023727,1,4
39.22000000000001,14.096488,-6.0803533,1.0285354,1001.83167,6.089512732284442,1001.8327281988164,1,4
39.24,14.139514000000002,-5.5846314,1.085349,1001.8243,6.122477126963589,1001.8327103129184,1,4
39.26000000000001,13.354625,-7.7152576,0.4650504,1001.8241,6.161634375004207,1001.832663511812,1,4
39.28,13.560118,-13.058567,-1.5565441999999998,1001.82916,6.2133136168500815,1001.8326095457124,1,4
39.3,14.477808,-16.833676999999998,-1.4523902,1001.82654,6.282856462219014,1001.8325400109018,1,4
39.32,13.335401999999998,-17.777456,-0.4865746,1001.8593,6.3678873736730575,1001.8325749059039,1,4
39.34,10.539183,-16.52385,0.10522297,1001.84924,6.460832169281628,1001.8326657334668,1,4
39.36000000000001,8.431266,-14.855556,-0.00840484,1001.8565,6.555202195869557,1001.8328317920607,1,4
39.38,5.353031,-11.504665,-0.7043661,1001.8343,6.64140314233136,1001.8329838069827,1,4
39.40000000000001,3.766104,-9.493178,-0.5765402,1001.84424,6.714922223376679,1001.8331586496628,1,4
39.42,2.5806859,-8.315837,-0.5149954000000001,1001.82916,6.7738388981996485,1001.8332987455162,1,4
39.44000000000001,1.6103545,-7.839181,-0.90795386,1001.8266,6.818252223723105,1001.8333984187283,1,4
39.46,0.6161163000000001,-8.377802,-1.6228526,1001.8066,6.850732917502527,1001.8333900156713,1,4
39.48,0.047292843,-9.316812,-2.1720457000000004,1001.80414,6.874654369024426,1001.8332772906732,1,4
39.5,1.8062214,-12.372174,-1.7980316000000005,1001.8066,6.897297613196511,1001.8330816486192,1,4
39.52,3.8328335,-15.565766,-0.7801366999999999,1001.80414,6.925833550251832,1001.8328045893647,1,4
39.540000000000006,7.88607,-18.730757,1.994221,1001.8243,6.968558698629859,1001.8325291632859,1,4
39.56,13.358909,-16.590572,3.2630382,1001.8364,7.026012369055677,1001.8322997318147,1,4
39.58000000000001,14.940995,-16.13775,2.9789712,1001.82385,7.097612321451615,1001.8320665871324,1,4
39.6,14.754547,-16.95283,0.84375143,1001.8417,7.18207154192631,1001.8318952607774,1,4
39.62000000000001,14.018424,-14.583851999999998,2.699635,1001.8243,7.273261814841376,1001.8317165338713,1,4
39.64,13.798521,-9.059411,4.1294227,1001.85187,7.363019666911592,1001.8316311632553,1,4
39.66,13.473471,-6.1565775999999985,4.1152167,1001.8417,7.447777971951639,1001.831591977591,1,4
39.68,10.643786,-5.751419,2.3587492,1001.8367,7.521477723754266,1001.8315757420187,1,4
39.7,8.229955,-5.703753,1.0757225,1001.8339,7.580453385340885,1001.8315697635958,1,4
39.72000000000001,7.7089224,-4.5550117,1.1088604,1001.82385,7.62402752511577,1001.8315366899125,1,4
39.74,8.607501,-3.9258254,1.9279101000000003,1001.8393,7.655150567969563,1001.831535413922,1,4
39.76000000000001,11.061238,-4.1260629999999985,1.6960796000000002,1001.8088,7.679882040692725,1001.8314524389667,1,4
39.78,15.520841,-4.7647824,0.005901316,1001.8165,7.707832574583696,1001.8313252935159,1,4
39.8,16.213945000000002,-6.8763685,-1.2392443000000002,1001.7837,7.741477471963892,1001.8310414967392,1,4
39.82,14.980784,-9.440777,-2.0251527,1001.789,7.78038084870925,1001.8306393845187,1,4
39.84,13.503869,-10.908876,-3.0951242000000003,1001.8165,7.823396896986809,1001.8302331763766,1,4
39.86000000000001,14.101381,-14.917552,-2.957823,1001.85425,7.876348098157412,1001.8299607114274,1,4
39.88,13.871987,-18.521069,-0.70897734,1001.83636,7.942899190775452,1001.8297429988369,1,4
39.90000000000001,11.811929,-17.682156,1.6487593999999997,1001.86664,8.017439451946537,1001.8296834571961,1,4
39.92,8.231893,-15.084385,1.5588091999999998,1001.8213,8.090304143822362,1001.8296006657564,1,4
39.94000000000001,6.3247867,-11.86696,-0.30654284,1001.869,8.153519069126531,1001.8296693488437,1,4
39.96,5.660429,-9.745842,-0.95988756,1001.8742,8.203532999078593,1001.8298903475636,1,4
39.98,5.0438643,-8.7115,-0.6095389,1001.8467,8.239153363959977,1001.8301461367813,1,4
40.0,3.7915971,-7.6580925,0.45097154,1001.82135,8.258752408022309,1001.8303404860416,1,4
40.02,2.797437,-6.862078,1.1090573,1001.8216,8.261912346217796,1001.8304807472985,1,4
40.040000000000006,2.1044,-6.728615799999999,0.8676059000000002,1001.82666,8.249725315851164,1001.8305909274546,1,4
40.06,1.7507311,-7.491266,-0.17869417,1001.819,8.225252011350719,1001.8306465553018,1,4
40.08000000000001,1.8176829,-8.701972,-1.2676041999999998,1001.8091,8.192680459342746,1001.8306181404685,1,4
40.1,3.3090186000000004,-10.770658,-2.3044355,1001.79596,8.158310432794172,1001.8304682638161,1,4
40.12000000000001,4.891168,-12.987108,-1.5043178999999998,1001.79895,8.127584231909394,1001.830222367056,1,4
40.14,8.452159,-14.274079,0.100648746,1001.8088,8.10565506786733,1001.8299279721576,1,4
40.16,13.193761,-13.787892,-1.1539652,1001.8188,8.096834932825432,1001.8296277841257,1,4
40.18,15.359051,-14.703072,-1.944607,1001.7937,8.104269933244302,1001.8292331979576,1,4
40.2,14.909776999999998,-14.807935999999998,-1.5090393999999998,1001.8163,8.125452797995539,1001.828837982107,1,4
40.22000000000001,13.408951,-12.891781,0.929182,1001.8442,8.153628050007768,1001.8285440726455,1,4
40.24,12.519953999999998,-9.388364,3.5236400000000003,1001.8414,8.182510779609293,1001.8283306555844,1,4
40.26000000000001,10.922268,-8.306324,2.6429281,1001.83636,8.207619183365331,1001.8281709859086,1,4
40.28,8.962535,-8.0727625,1.454591,1001.83887,8.225509973570428,1001.8280684182339,1,4
40.3,8.981639,-5.489289,1.4072456,1001.8011,8.233779506816171,1001.827880703131,1,4
40.32,10.587639,-3.2919054,1.6581678,1001.8088,8.234746276614356,1001.8276461475348,1,4
40.34,11.906852,-2.6198206,0.90539634,1001.81604,8.231365097878813,1001.8273971120784,1,4
40.36000000000001,14.014732,-2.963012,1.1563187,1001.82635,8.228614395834251,1001.8271732947462,1,4
40.38,15.042376999999998,-4.4406447,1.5540073,1001.81885,8.2293193715509,1001.8269455658902,1,4
40.40000000000001,13.747034,-8.139493,0.5029682,1001.8364,8.233538664157008,1001.826778380636,1,4
40.42,12.136226,-9.245334,0.09107368,1001.811,8.23933692759063,1001.8265738535747,1,4
40.44000000000001,11.658234,-11.557114,-0.4770561,1001.80853,8.248932842353113,1001.8263281755908,1,4
40.46,11.6534395,-15.31316,-0.39183807,1001.79816,8.267719883334799,1001.826009689092,1,4
40.48,11.639087,-16.943320999999994,0.61658895,1001.82367,8.297300145375413,1001.825719851541,1,4
40.5,10.950782,-14.860335,1.3551548,1001.81354,8.33203736143303,1001.8254199036153,1,4
40.52,9.263497,-13.20634,1.2888718,1001.8286,8.366371018689746,1001.8251663179753,1,4
40.540000000000006,6.8353424,-12.0719,-0.036762763,1001.864,8.395423334480066,1001.8250820509587,1,4
40.56,6.2091737,-9.931715,-0.37290674,1001.82886,8.415227645837383,1001.8250211932396,1,4
40.58000000000001,5.602125,-8.616145,-0.17879736,1001.8462,8.423796000258008,1001.8250436630632,1,4
40.6,4.5075364,-8.063225,0.41300195,1001.84125,8.420260528922817,1001.8251218602126,1,4
40.62000000000001,3.642378,-8.096589999999999,0.51242316,1001.83124,8.405307263538294,1001.8252129805168,1,4
40.64,2.6864042,-8.41595,0.86750233,1001.8062,8.380285530209283,1001.8252250476877,1,4
40.66,1.9837633,-8.735308999999999,0.8675014999999999,1001.8062,8.346712696767849,1001.8251672200684,1,4
40.68,1.558346,-8.825871000000003,-0.26402265,1001.79095,8.305635635213108,1001.8249929415916,1,4
40.7,2.9062335,-9.841148,-1.0878108,1001.80096,8.260886887046711,1001.8247524305395,1,4
40.72000000000001,5.5303316,-10.403603,-0.52915215,1001.8241,8.216121164998839,1001.8245375662244,1,4
40.74,8.680209,-11.924133,-1.026266,1001.80096,8.177717336846763,1001.8242628328773,1,4
40.76000000000001,11.486131,-12.743985,-2.2571948,1001.79596,8.150310033162576,1001.823918188293,1,4
40.78,12.547241,-13.945158,-2.2619298,1001.80096,8.13602412295462,1001.8235310108604,1,4
40.8,12.5472355,-14.021420999999998,-0.4675911,1001.8061,8.1332313326184,1001.8231261492424,1,4
40.82,12.461193,-12.081433,0.33725720000000003,1001.82117,8.13756526434135,1001.8227613713788,1,4
40.84,11.811133,-9.045136,-0.079371035,1001.8286,8.143020651825438,1001.822460072722,1,4
40.86000000000001,11.581696,-7.4435735,-0.20246617,1001.8512,8.147144343555983,1001.8222973089667,1,4
40.88,11.5386715,-5.8324766,-0.10304423,1001.82367,8.14833156773196,1001.8221584326004,1,4
40.90000000000001,10.663961,-4.9744964000000005,0.4414118,1001.83124,8.144521356838576,1001.8220684150856,1,4
40.92,10.018682,-4.307178,0.68286586,1001.8562,8.134545030905503,1001.8221117493157,1,4
40.94000000000001,9.91352,-4.879165,-0.23560925,1001.8467,8.119416073736621,1001.8222385571436,1,4
40.96,11.567325,-6.037438,-0.87948895,1001.82367,8.103999792138518,1001.8223557577344,1,4
40.98,12.843527,-6.7428884999999985,-0.25454798,1001.8386,8.091358269440635,1001.8225177954488,1,4
41.0,13.182885999999998,-8.797275,-0.32556468,1001.8615,8.084007134082219,1001.8228013079097,1,4
41.02,11.466931,-9.083268,-0.5764887,1001.82855,8.078837843035508,1001.8230725148112,1,4
41.040000000000006,10.291093,-9.683854,-0.57648927,1001.8813,8.074581491180355,1001.8235217721764,1,4
41.06,10.424922,-13.258771,-0.4297233,1001.82574,8.076819526781652,1001.8239267216043,1,4
41.08000000000001,10.730823,-15.684948,-0.017830662,1001.8385,8.089220476989048,1001.8243369987213,1,4
41.1,10.62566,-13.997587,1.2935989,1001.8483,8.1076819634672,1001.8247857863864,1,4
41.12000000000001,9.813088,-11.328315,2.202604,1001.8538,8.126292569313,1001.8252867863362,1,4
41.14,8.503414999999999,-9.893581,1.7717724999999998,1001.8663,8.140846209427544,1001.8258771174608,1,4
41.16,7.2702193,-9.035602,0.34198186,1001.83374,8.148513846479801,1001.8264270404201,1,4
41.18,6.328591,-8.687641000000001,-0.22614734,1001.8512,8.14829920809646,1001.8270021350012,1,4
41.2,5.0428180000000005,-8.258652,0.20468298,1001.83374,8.138892477476862,1001.8275345448868,1,4
41.22000000000001,3.8526409,-7.977425599999999,0.4271994000000001,1001.82855,8.119715192105678,1001.8280086379007,1,4
41.24,2.74372,-8.015557000000001,0.35618278,1001.81854,8.091163735141548,1001.8283934593907,1,4
41.26000000000001,1.7593911,-8.234826,0.12422538,1001.7881,8.054311433085767,1001.8285884312061,1,4
41.28,0.8034366,-8.368291000000001,-0.30187044,1001.81085,8.010237625149259,1001.8286968499492,1,4
41.3,1.964935,-9.464598,-1.1966726,1001.81104,7.962701790713901,1001.8287290840912,1,4
41.32,4.158871,-11.013729,-2.3518665000000003,1001.7983,7.916986163320758,1001.8286480214764,1,4
41.34,8.75705,-12.353131,-2.3613348,1001.80084,7.87994350919701,1001.8284762856723,1,4
41.36000000000001,12.690833,-12.48183,-2.8205714,1001.773,7.856303796192432,1001.8281248252877,1,4
41.38,14.531065,-12.639126,-3.6017475,1001.80334,7.847855610798287,1001.8277250495204,1,4
41.40000000000001,14.531071,-13.339809,-1.0309655999999998,1001.82825,7.853193533270124,1001.8273736974744,1,4
41.42,13.49386,-11.066162,1.2699559,1001.8438,7.866006167852043,1001.8271223774956,1,4
41.44000000000001,11.639301,-6.919258,1.2131436000000002,1001.8385,7.877266248687756,1001.8269412706034,1,4
41.46,8.824003999999997,-5.899215,0.23785678,1001.8357,7.880924485529414,1001.8268127759793,1,4
41.48,6.7447953,-6.0517445,-0.70428914,1001.8462,7.874676933287509,1001.8267690321358,1,4
41.5,6.343298,-6.6570983,-0.098284796,1001.8383,7.859921018540188,1001.8267718915599,1,4
41.52,7.4091997,-6.175676,0.55979806,1001.82574,7.838668458138592,1001.8267707033375,1,4
41.540000000000006,9.249432,-5.7800517,1.0947863000000002,1001.8458,7.8144540194032714,1001.8268381588923,1,4
41.56,12.34675,-4.817208,1.1752717,1001.81335,7.792580496132271,1001.8268492052484,1,4
41.58000000000001,13.928872,-3.4301393,0.12896897,1001.8359,7.775016510900126,1001.8268915486698,1,4
41.6,11.9882765,-4.7838416,-1.0120221,1001.8233,7.758417012648059,1001.8269160337416,1,4
41.62000000000001,9.91385,-8.925980000000003,-1.7458543999999998,1001.84106,7.7437826558042095,1001.8269885870295,1,4
41.64,9.574488,-11.585718,-2.2619038,1001.83093,7.734565078869458,1001.8270668842017,1,4
41.66,9.555376,-13.430376,-1.6606339,1001.8335,7.7330081267463395,1001.8271592267996,1,4
41.68,8.565963,-12.558096,-0.43915683,1001.82806,7.7354022002815315,1001.8272440635028,1,4
41.7,8.28396,-10.865969,0.08636269,1001.84106,7.738069929878497,1001.8273687625853,1,4
41.72000000000001,8.422582,-11.128131,0.3798964,1001.8634,7.741588221023966,1001.8276086591493,1,4
41.74,6.2907944,-11.781148,0.73497725,1001.8285,7.744628165660785,1001.8278238405801,1,4
41.76000000000001,3.8862746,-11.347385,0.82963985,1001.8257,7.744423112761841,1001.828006329066,1,4
41.78,3.0832622000000005,-8.759145,0.99534357,1001.8206,7.735773076150832,1001.8281409131081,1,4
41.8,4.1300344,-6.5951276,0.96693665,1001.81323,7.716579204956439,1001.8282061522801,1,4
41.82,4.6988263,-5.975475,0.9385298,1001.80304,7.687759538459902,1001.828173199464,1,4
41.84,4.9999485,-6.4092317,0.47455767,1001.8206,7.651542751512758,1001.828116818838,1,4
41.86000000000001,5.2150349999999985,-7.8105984,-0.13144660000000002,1001.77795,7.61151801801148,1001.8278864003688,1,4
41.88,6.1184129999999985,-8.964106,0.30411822,1001.7958,7.571317335491072,1001.8275672915685,1,4
41.90000000000001,6.1518664,-8.954573,0.015319038,1001.7702,7.531120012094201,1001.8270788047827,0,0
41.92,5.7933764000000005,-8.006027,0.086334646,1001.80304,7.489030365363938,1001.8265606381616,0,0
41.94000000000001,6.4004059999999985,-7.6390023,-1.0451885,1001.8105,7.445706823281382,1001.8260449678377,0,0
41.96,7.208188000000002,-7.905928599999997,-3.7532685,1001.80054,7.404187046401754,1001.8254975036552,0,0
41.98,8.192822999999999,-8.16809,-4.401882,1001.8233,7.366572432810472,1001.8250058532903,0,0
42.0,9.359091,-7.8439646,-2.5601993,1001.8131,7.332749411720936,1001.8245285699563,0,0
42.02,10.080835,-7.2338448,-0.7895324,1001.80304,7.302306631295512,1001.8240294835504,0,0
42.040000000000006,10.157308,-6.571293400000001,0.40353703,1001.8257,7.274277536231996,1001.8235945046615,0,0
42.06,9.822717,-6.1995015,0.48875588,1001.83826,7.2474873327286495,1001.8232629530985,0,0
42.08000000000001,8.742476,-6.2233343,0.28517600000000004,1001.8284,7.220037014703496,1001.822988487506,0,0
42.1,7.4041247000000014,-6.7047563,0.7728191999999999,1001.83093,7.1906130207929095,1001.8227745591536,0,0
42.12000000000001,6.7062693,-7.1051474,1.1042271,1001.82806,7.159164074304472,1001.8226045596484,0,0
42.14,6.4385949999999985,-7.529370299999999,0.85330325,1001.823,7.126270165233557,1001.822455771671,0,0
42.16,6.825753999999999,-7.329175,0.07686037,1001.8257,7.0923677122862,1001.822335981836,0,0
42.18,7.53316,-6.9573836,-0.6427695999999999,1001.8104,7.0582342788960295,1001.8221871660032,0,0
42.2,7.733906699999999,-7.1099130000000015,-0.9552407,1001.8206,7.024589551498552,1001.8220499585361,0,0
42.22000000000001,7.5331497,-7.224310000000001,-1.4476193000000002,1001.80304,6.991473905851119,1001.821860286167,0,0
42.24,6.8687520000000015,-7.4245057,-1.9920765,1001.80554,6.958470058801651,1001.8216339386316,0,0
42.26000000000001,6.1231294,-7.7533984,-2.053621,1001.83057,6.925230805813253,1001.8214661077702,0,0
42.28,5.583008,-7.986960400000001,-1.4381489,1001.8155,6.89140338032423,1001.8212963344333,0,0
42.3,5.525646,-8.149023,-0.3492361,1001.8079,6.8571813493200935,1001.8210980959084,0,0
42.32,5.6881559999999975,-8.24912,0.12420401,1001.8332,6.8230849686513535,1001.8209664992028,0,0
42.34,5.8076477,-8.230053999999999,0.28043902,1001.8032,6.789338464978621,1001.8207862609568,0,0
42.36000000000001,6.0657535000000005,-7.901161,0.40826762,1001.8205,6.755799388016152,1001.8206259719028,0,0
42.38,6.2856207,-7.4054394,0.21889107,1001.82806,6.722037368195287,1001.8205111029961,0,0
42.40000000000001,6.45769,-7.0050483,-0.017829511,1001.8129,6.687808397859727,1001.8203822048594,0,0
42.42,6.4242268,-7.0813136,-0.21194047,1001.8257,6.653364939478812,1001.820287454528,0,0
42.44000000000001,6.2712693,-7.3959055,-0.27348807,1001.8359,6.619141053490559,1001.8202599382988,0,0
42.46,6.185230000000002,-7.467404400000001,-0.3729109000000001,1001.80835,6.585240303420551,1001.8201927491812,0,0
42.48,6.4815736,-7.5007696,-0.5291465999999999,1001.83325,6.552212351246883,1001.8201803869797,0,0
42.5,6.7444587,-7.4006724,-0.82741445,1001.80554,6.520323193955834,1001.8201167583452,0,0
42.52,7.040803,-7.2386092999999985,-0.94577485,1001.80054,6.489753003566704,1001.8199900597538,0,0
42.540000000000006,7.122056,-7.190944,-0.8794936,1001.8231,6.4604933196780125,1001.8198893046632,0,0
42.56,7.0216765,-7.2100095999999985,-0.7611338000000001,1001.82806,6.432359475704602,1001.8198296919684,0,0
42.58000000000001,6.9547553,-7.1432776,-0.6285708000000001,1001.8205,6.405106705732721,1001.8197794313004,0,0
42.6,6.8543759999999985,-7.1289783,-0.29716279999999995,1001.8079,6.378532263466785,1001.8196922550212,0,0
42.62000000000001,6.5723634,-7.2529080000000015,-0.11252138,1001.82806,6.352433232861905,1001.8196453499428,0,0
42.64,6.395507,-7.3148737000000015,0.10526088,1001.7953,6.326699868907246,1001.8195162613556,0,0
42.66,6.3285856,-7.3959044999999985,0.13366698,1001.82806,6.301419357387317,1001.8194329561397,0,0
42.68,6.438518,-7.4960027,0.13366662,1001.8204,6.276936634289116,1001.819362829008,0,0
42.7,6.5341105000000015,-7.672364999999999,-0.12672597,1001.8053,6.2536544643567575,1001.8192502384906,0,0
42.72000000000001,6.5102077000000005,-7.705731,-0.34924328,1001.80536,6.231548573833718,1001.8191007486506,0,0
42.74,6.3954887000000005,-7.7533965,-0.44393176,1001.823,6.210492678293889,1001.818982696733,0,0
42.76000000000001,6.2951403,-7.829662299999999,-0.7374622,1001.8129,6.190467379756843,1001.8188564883503,0,0
42.78,6.199542,-7.691432000000002,-0.88896346,1001.8028,6.171103193568107,1001.8186871672654,0,0
42.8,6.1230626,-7.6247,-0.8274164,1001.8254,6.1521748278873165,1001.8185617213524,0,0
42.82,6.146959,-7.3911386,-0.7706038000000001,1001.823,6.133346693833692,1001.8184668551468,0,0
42.84,6.1708555,-7.453104,-0.500743,1001.80286,6.114768555008259,1001.818326846689,0,0
42.86000000000001,6.2473300000000025,-7.4388046,-0.37291425,1001.82794,6.096545123426718,1001.8182377425676,0,0
42.88,6.3190246,-7.372072,-0.19774155,1001.80505,6.078680672972285,1001.8181115342927,0,0
42.90000000000001,6.495875,-7.276741,-0.17406973,1001.80536,6.061289658639518,1001.8179541111377,0,0
42.92,6.54367,-7.2290754,-0.14566351,1001.82794,6.044371345709168,1001.8178509612377,0,0
42.94000000000001,6.615365,-7.2862740000000015,-0.15986697,1001.8155,6.0281202191291285,1001.8177513545256,0,0
42.96,6.773096000000002,-7.295807400000001,-0.13146079,1001.83295,6.012752541934626,1001.8177180571583,0,0
42.98,6.8830285,-7.2815075,-0.28296193,1001.82794,5.998361823415004,1001.817725434599,0,0
43.0,6.8973656000000005,-7.300573299999999,-0.40605667,1001.8078,5.984944172061143,1001.817696221741,0,0
43.02,6.8161070000000015,-7.3148727,-0.42026013,1001.8332,5.972342032404717,1001.8177262228612,0,0
43.040000000000006,6.6057925000000015,-7.2862735,-0.3681819000000001,1001.833,5.960162232839661,1001.8178077174492,0,0
43.06,6.4671755,-7.376838,-0.31610370000000004,1001.81793,5.948344497583571,1001.817880166284,0,0
43.08000000000001,6.2951,-7.4054375,-0.2261502,1001.8255,5.936695387168963,1001.8179716134756,0,0
43.1,6.2329607000000005,-7.4435699999999985,-0.26402572,1001.8204,5.92521649575168,1001.8180611584061,0,0
43.12000000000001,6.146921,-7.4292703,-0.21668185,1001.8329,5.913789683120335,1001.8181937001359,0,0
43.14,6.209057,-7.662832000000001,-0.20721331,1001.81287,5.90290691474979,1001.818291648688,0,0
43.16,6.357228,-7.648532,-0.088853404,1001.82544,5.892712742541912,1001.8184039300937,0,0
43.18,6.5292983,-7.5675,-0.29243302,1001.8382,5.883274385139741,1001.8185744077948,0,0
43.2,6.4910574,-7.472169,-0.37765253,1001.8104,5.874342097470218,1001.818695614024,0,0
43.22000000000001,6.4050183,-7.386371,-0.48180968,1001.82294,5.865646927049526,1001.8188179916373,0,0
43.24,6.376338,-7.4435697,-0.47234112,1001.82794,5.857242694371897,1001.8189589637268,0,0
43.26000000000001,6.4533185999999985,-7.472181,-0.27818432,1001.8179,5.849259711974785,1001.8190797143953,0,0
43.28,6.5584908,-7.3101187,-0.25924522,1001.8204,5.841568246736935,1001.8191911627143,0,0
43.3,6.7305818,-7.348252,-0.33499408,1001.8131,5.834465601719443,1001.8192677102633,0,0
43.32,6.821415400000001,-7.338719,-0.20242910000000008,1001.8104,5.8280148233818725,1001.8193034239205,0,0
43.34,6.864452,-7.257688000000001,-0.17402102,1001.83545,5.822100479519497,1001.8193931081821,0,0
43.36000000000001,6.773652,-7.2195554,-0.23083238,1001.8229,5.816496765890372,1001.819484978006,0,0
43.38,6.778448599999999,-7.057492699999999,-0.19295563,1001.81036,5.810948622772711,1001.8195333042617,0,0
43.40000000000001,6.6733107999999985,-7.2958217,-0.12193793,1001.8179,5.805679154669268,1001.8195701254456,0,0
43.42,6.553833,-7.4292855,-0.16928034,1001.8151,5.800716754353517,1001.8195865681924,0,0
43.44000000000001,6.6159883000000015,-7.481717999999999,-0.1598099,1001.805,5.796210397113176,1001.8195485853578,0,0
43.46,6.6733637,-7.357787599999999,-0.31130922,1001.8179,5.792018374406388,1001.8195090888178,0,0
43.48,6.668601,-7.357788,-0.5101527,1001.82544,5.788129622825433,1001.8194955409554,0,0
43.5,6.501325,-7.472186,-0.30657166,1001.8402,5.784452406255044,1001.8195581061168,0,0
43.52,6.4774437,-7.548452,-0.16453792,1001.805,5.781055799525582,1001.8195609795113,0,0
43.540000000000006,6.4870214000000015,-7.519852999999999,-0.093520224,1001.83545,5.777885378127741,1001.8196207189163,0,0
43.56,6.46314,-7.4054556,-0.013033729,1001.8279,5.774713209535978,1001.8197033100666,0,0
43.58000000000001,6.4296985,-7.348258,0.081655905,1001.80255,5.7714163529134215,1001.8197145356912,0,0
43.6,6.381917,-7.424523,0.08165743,1001.823,5.768075873912928,1001.819736282324,0,0
43.62000000000001,6.3150187,-7.4864883,0.12426883,1001.81494,5.764717719666868,1001.8197382310324,0,0
43.64,6.358053,-7.529388000000001,0.029582229,1001.8176,5.7614803210205485,1001.8197322552797,0,0
43.66,6.4202085,-7.4626565,-0.15032354,1001.81506,5.7583418132079425,1001.8197101549854,0,0
43.68,6.5253816,-7.295828,-0.25921318,1001.8251,5.755190211847291,1001.8197100306073,0,0
43.7,6.501499,-7.4102254,-0.5054007,1001.8327,5.75220323072134,1001.8197566845967,0,0
43.72000000000001,6.5206366,-7.3720937000000015,-0.43911743,1001.81256,5.749332724435654,1001.8197719999974,0,0
43.74,6.549333,-7.329194500000002,-0.26867723,1001.8176,5.746535741729303,1001.8197777134852,0,0
43.76000000000001,6.601772,-7.2481594,-0.19767396,1001.8202,5.743758255994448,1001.8197842821547,0,0
43.78,6.611341499999999,-7.333958,-0.11718808,1001.82764,5.741150803584215,1001.8198183668152,0,0
43.8,6.5539947,-7.353025,-0.013030193999999998,1001.82996,5.7386515027918925,1001.8198849939007,0,0
43.82,6.597025,-7.2815266,0.010642942,1001.8071,5.736206002553535,1001.8198978396154,0,0
43.84,6.6113753,-7.243395,-0.031965714,1001.81256,5.733778371323832,1001.8198827738664,0,0
43.86000000000001,6.5731473,-7.3863910000000015,-0.112449616,1001.8048,5.731544076329,1001.8198151637844,0,0
43.88,6.525362,-7.434057000000001,-0.15032373,1001.82245,5.729498162403848,1001.8197649089263,0,0
43.90000000000001,6.582731,-7.3959246,-0.26394844,1001.81726,5.7276505885936775,1001.8197114860616,0,0
43.92,6.5014844000000025,-7.419758,-0.3160259,1001.81726,5.72591347495457,1001.8196554562687,0,0
43.94000000000001,6.4489183,-7.348260400000001,-0.31602484,1001.8297,5.7240965470513725,1001.8196421087014,0,0
43.96,6.43459,-7.386392599999999,-0.3302271,1001.81226,5.722256650770339,1001.819603739199,0,0
43.98,6.420262,-7.496023700000001,-0.2308035,1001.805,5.7205501003266646,1001.8195172624456,0,0
44.0,6.4776306,-7.4245256999999985,-0.20713049,1001.8526,5.718931988769032,1001.8195599494417,0,0
44.02,6.582797,-7.329194500000002,-0.15031661,1001.7948,5.717392227939519,1001.8195085318532,0,0
44.040000000000006,6.649726400000001,-7.2100315,-0.19292517,1001.8202,5.71583926582796,1001.8194655885576,0,0
44.06,6.664076299999999,-7.25293,-0.21186182,1001.8327,5.714366821827239,1001.8194752877428,0,0
44.08000000000001,6.5684915,-7.3434954,-0.17398557,1001.8076,5.71297530540979,1001.819441106907,0,0
44.1,6.6019619999999986,-7.367328,-0.1976565,1001.8048,5.711744525509197,1001.8193581967357,0,0
44.12000000000001,6.6354320000000016,-7.276764,-0.18818665,1001.8176,5.710566847641777,1001.8192786077997,0,0
44.14,6.597204,-7.291064299999999,-0.3112802,1001.8297,5.709415409537032,1001.819245800028,0,0
44.16,6.5541973,-7.367329,-0.14557496,1001.8327,5.708341588992653,1001.8192652462008,0,0
44.18,6.4968505,-7.4197617,-0.03194828,1001.8048,5.7073409251997385,1001.8192303539528,0,0
44.2,6.4777435999999975,-7.386396,-0.01774396,1001.8149,5.706330100634678,1001.8191839338882,0,0
44.22000000000001,6.425176,-7.3911630000000015,-0.13610311,1001.8402,5.705251471408107,1001.8192185749573,0,0
44.24,6.4060682999999985,-7.36733,-0.107695624,1001.82996,5.704052641826714,1001.8192878529356,0,0
44.26000000000001,6.3097234,-7.505542299999999,-0.17404582,1001.8251,5.702842107919189,1001.8193699906868,0,0
44.28,6.3336034,-7.6485386,-0.1030315,1001.8176,5.701883499835638,1001.8194361956376,0,0
44.3,6.496098,-7.524607700000002,-0.25926858,1001.8499,5.701178232404482,1001.8196043640276,0,0
44.32,6.682492699999999,-7.3291783,-0.32081750000000003,1001.8222,5.700656385653014,1001.8197623019066,0,0
44.34,6.763731,-7.210014,-0.44391364,1001.82733,5.7002412218385645,1001.8199290995295,0,0
44.36000000000001,6.763711,-7.1575813,-0.320821,1001.81226,5.699832598392277,1001.820048873151,0,0
44.38,6.7111154000000015,-7.353009700000001,-0.09830558,1001.8297,5.6996446254448925,1001.8201894491797,0,0
44.40000000000001,6.7397747,-7.243378599999999,0.06266245,1001.85535,5.699524502508112,1001.8204402401415,0,0
44.42,6.7254167,-7.3005767000000015,0.010582244,1001.82245,5.6995313259733615,1001.8206690741704,0,0
44.44000000000001,6.596342599999999,-7.372074599999999,-0.03202915,1001.82245,5.699580079849511,1001.8208776832516,0,0
44.46,6.472051,-7.457872,-0.06990589,1001.8124,5.69962911061174,1001.821031490576,0,0
44.48,6.4194546,-7.395906,-0.18826778,1001.8274,5.699512532529735,1001.8211903213617,0,0
44.5,6.3620768,-7.4006724,-0.26875448,1001.8274,5.6991835098798616,1001.8213530190873,0,0
44.52,6.2951417,-7.448336999999999,-0.17406803,1001.8247,5.698648640693081,1001.8215088279286,0,0
44.540000000000006,6.342921,-7.529368400000001,-0.16933538,1001.82214,5.698126371133307,1001.8216487728404,0,0
44.56,6.352462,-7.5675006,-0.22614993,1001.84,5.697692889135452,1001.8218384925824,0,0
44.58000000000001,6.4671574,-7.510300999999999,-0.20247969,1001.82214,5.697402181639933,1001.8220072143727,0,0
44.6,6.6200924,-7.372071000000001,-0.36818558,1001.8448,5.697242750825035,1001.8222383509752,0,0
44.62000000000001,6.6965512999999985,-7.3244047,-0.36818722,1001.8272,5.697233157160437,1001.8224604452133,0,0
44.64,6.6965322,-7.262439,-0.36818895,1001.7993,5.69726116335924,1001.8225733100796,0,0
44.66,6.6678333,-7.252905,-0.22142424,1001.80695,5.697258225687215,1001.8226167935593,0,0
44.68,6.6534777,-7.276738000000001,-0.06519042,1001.81726,5.697239582002032,1001.8226359311047,0,0
44.7,6.8159714000000005,-7.1575729999999975,-0.017848127,1001.8423,5.697256047363732,1001.8227236316884,0,0
44.72000000000001,6.8446320000000025,-7.1718726,-0.20722598,1001.8375,5.6973705594255435,1001.8228543188496,0,0
44.74,6.787256,-7.114673,-0.29718137,1001.8245,5.697407785614989,1001.8229757184777,0,0
44.76000000000001,6.688159,-7.1433043000000005,-0.164501,1001.8322,5.6972719037678825,1001.8231161946022,0,0
44.78,6.6977496,-7.229103,-0.15502934,1001.8295,5.697127295570003,1001.8232633010056,0,0
44.8,6.7503585999999975,-7.2529364,-0.117151275,1001.8347,5.697085107967259,1001.8234344563396,0,0
44.82,6.630896000000001,-7.272003,-0.13135147,1001.81195,5.696994864653744,1001.8235443451503,0,0
44.84,6.4397388,-7.453133599999999,-0.1692235,1001.8473,5.696881482598138,1001.8237269632608,0,0
44.86000000000001,6.382412,-7.529399400000001,-0.29231516,1001.8222,5.696796996643437,1001.8238828275554,0,0
44.88,6.4684815,-7.443602,-0.40593785,1001.8347,5.6967279010265015,1001.8240594910667,0,0
44.90000000000001,6.554550999999999,-7.348272,-0.4580133,1001.8222,5.696646920713014,1001.8242088967779,0,0
44.92,6.5689210000000005,-7.305372999999999,-0.40119758,1001.8247,5.696504127134888,1001.8243426796356,0,0
44.94000000000001,6.5402755999999975,-7.4674372999999985,-0.20708404,1001.8322,5.6965071253679405,1001.8244891765222,0,0
44.96,6.51163,-7.4054728,-0.15500255,1001.81976,5.696500903900904,1001.8246015961356,0,0
44.98,6.626373299999999,-7.286309700000001,-0.29229763,1001.80945,5.696467391597942,1001.8246463843598,0,0
45.0,6.798482000000001,-7.229112,-0.28756002,1001.8247,5.69656513609074,1001.8246861522508,0,0
45.02,6.745937,-7.2624784,-0.23547857,1001.832,5.696751755025001,1001.8247476210116,0,0
45.040000000000006,6.74119,-7.138549,-0.21180356,1001.8245,5.696820417703923,1001.8248010433728,0,0
45.06,6.5882697,-7.186215,-0.21653487,1001.81195,5.6966408724817885,1001.8248019836153,0,0
45.08000000000001,6.5309443,-7.2720137,-0.23546950000000005,1001.8398,5.696295552569867,1001.824856807272,0,0
45.1,6.5787735000000005,-7.3435130000000015,-0.33488920000000005,1001.80695,5.6959879256595585,1001.8248407849492,0,0
45.12000000000001,6.688739999999999,-7.386413,-0.35382396,1001.8245,5.695935164695804,1001.824825400799,0,0
45.14,6.6696515,-7.372114,-0.37749317,1001.8295,5.696060973602632,1001.824828635921,0,0
45.16,6.8130770000000025,-7.272017,-0.467444,1001.8218,5.6964008556033345,1001.8248205913852,0,0
45.18,6.779655,-7.3292164999999985,-0.5858007,1001.832,5.6969812670104245,1001.8248393291047,0,0
45.2,6.688871400000001,-7.195753599999999,-0.5479225000000001,1001.7992,5.697436459920963,1001.8247635841687,0,0
45.22000000000001,6.5646276,-7.200521000000001,-0.39168432,1001.79926,5.697596382529538,1001.8246048430403,0,0
45.24,6.473847,-7.252953999999999,-0.10761684,1001.81433,5.697434245340246,1001.8244275899443,0,0
45.26000000000001,6.4490614,-7.028903999999999,-0.0130098425,1001.8345,5.6966070416817045,1001.8243072297847,0,0
45.28,6.5207543,-7.0908694,-0.0934951,1001.8219,5.6953917414241735,1001.8241922135206,0,0
45.3,6.6259065,-7.1242356,-0.008276142,1001.81726,5.694036265596753,1001.8240656291812,0,0
45.32,6.893572,-7.1909665999999985,-0.23079349,1001.8167,5.6930501664196855,1001.8239272629933,0,0
45.34,6.9270270000000025,-7.3768625,-0.29234108,1001.8423,5.692725375002085,1001.8238711444832,0,0
45.36000000000001,6.922242599999999,-7.2576985,-0.637953,1001.81433,5.6928327088716975,1001.8237872100476,0,0
45.38,6.7788453,-7.367329,-0.87940794,1001.80945,5.693322001795767,1001.823661431624,0,0
45.40000000000001,6.501613,-7.3482633,-0.7752514,1001.80676,5.6937150165989125,1001.8234894486552,0,0
45.42,6.449031400000001,-7.33873,-0.66162604,1001.8219,5.693917354014037,1001.8233317624886,0,0
45.44000000000001,6.506385,-7.1576004,-0.35389006,1001.81903,5.693716157032645,1001.8231769446468,0,0
45.46,6.5637393,-7.081335,-0.2118583,1001.81195,5.693114335960293,1001.8229997306012,0,0
45.48,6.5637355,-6.9192724000000005,-0.098232925,1001.8193,5.691911188612616,1001.8228298252403,0,0
45.5,6.525493,-7.028903,-0.1408429,1001.8142,5.690293903436494,1001.8226486294926,0,0
45.52,6.6641035,-7.3863945000000015,-0.11717124,1001.80927,5.689058444123328,1001.8224403618638,0,0
45.540000000000006,7.003466,-7.4578929999999986,-0.11243716,1001.81726,5.68875172713692,1001.8222376872842,0,0
45.56,6.917426,-7.4388266,-0.5432683,1001.79663,5.689144585768063,1001.8219664163513,0,0
45.58000000000001,6.73579,-7.0527353,-0.97409946,1001.82184,5.689381919498197,1001.8217262662564,0,0
45.6,6.6497498,-7.124234,-1.2297577,1001.81934,5.689526030708917,1001.8215054790738,0,0
45.62000000000001,6.506352,-7.248164,-0.784724,1001.822,5.689480975941911,1001.8213121717947,0,0
45.64,6.6832004000000005,-7.319662599999999,-0.27340868,1001.8117,5.689568038952531,1001.8211067616644,0,0
45.66,6.5971600000000015,-7.1432996,-0.22606494,1001.79663,5.689378198288126,1001.820837144931,0,0
45.68,6.496781,-7.100401,-0.30181572,1001.8347,5.688741903849202,1001.8206488178638,0,0
45.7,6.468098,-7.353028299999999,-0.3160193,1001.8368,5.688065216357068,1001.8205405563228,0,0
45.72000000000001,6.697525,-7.1147003,-0.2781444,1001.8142,5.687307486605746,1001.8204220704224,0,0
45.74,6.802677,-7.248163000000001,-0.57167786,1001.81934,5.686858598262383,1001.8203134808276,0,0
45.76000000000001,6.6924543000000005,-7.3005886,-0.70900184,1001.80927,5.6866268508064675,1001.8201777745303,0,0
45.78,6.6541996,-7.2862887,-0.68533134,1001.82935,5.686508928153184,1001.8200908844575,0,0
45.8,6.5251307,-7.271989,-0.7516142,1001.82416,5.686300528611871,1001.8200287572058,0,0
45.82,6.6446104,-7.219556,-0.60958356,1001.82416,5.686078617793008,1001.8199887340401,0,0
45.84,6.673273599999999,-7.295820699999997,-0.56697536,1001.8218,5.685997083881903,1001.8199598901281,0,0
45.86000000000001,6.711499000000001,-7.3816185,-0.48175722,1001.8218,5.6862155828622445,1001.8199410280428,0,0
45.88,6.6254463,-7.224321400000001,-0.39180502,1001.8092,5.686328479828415,1001.8198856938036,0,0
45.90000000000001,6.5011554,-7.0574913,-0.5575106,1001.8039,5.6859349148508604,1001.819779251972,0,0
45.92,6.424664,-7.2910523,-0.44862068,1001.8293,5.685337386890075,1001.8197194746626,0,0
45.94000000000001,6.6110625,-7.4626484,-0.49596596,1001.8168,5.685089698687976,1001.8196561453232,0,0
45.96,6.663625,-7.643777,-0.31132558,1001.824,5.6854912347195246,1001.8196158253957,0,0
45.98,6.568014,-7.639010000000002,-0.25924855,1001.79895,5.686324416458514,1001.8195058017365,0,0
46.0,6.496302,-7.496013,-0.15509304,1001.79895,5.6872092078539955,1001.8193345839444,0,0
46.02,6.376792,-7.314883,0.02007854,1001.8092,5.687686846076843,1001.819146811402,0,0
46.040000000000006,6.1282263,-7.414981,-0.11248618,1001.8218,5.687628587456565,1001.8189904470618,0,0
46.06,5.946579,-7.505545,-0.41548946,1001.79663,5.687023198385832,1001.8187717859216,0,0
46.08000000000001,5.9704633000000005,-7.848737,-0.6096013000000001,1001.82404,5.6865508520400825,1001.8185975425087,0,0
46.1,6.238117,-7.9488344,-0.5149147,1001.81177,5.686690671266755,1001.8184190018762,0,0
46.12000000000001,6.7017436,-7.529377,-0.761105,1001.8193,5.687352497930307,1001.8182644149664,0,0
46.14,6.749526,-7.21955,-1.1540622,1001.79895,5.68814427463512,1001.8180582900792,0,0
46.16,6.653916400000001,-7.2433830000000015,-1.0593753,1001.8293,5.688927946033537,1001.8179166282843,0,0
46.18,6.7399369999999985,-7.2481484,-0.35395038,1001.8217,5.6897251744597925,1001.8178050760608,0,0
46.2,6.7208023,-7.067019,-0.022543453,1001.81647,5.6902169126026605,1001.817701702242,0,0
46.22000000000001,6.7829256,-7.043186,0.015330436,1001.80164,5.690490407414688,1001.8175525390076,0,0
46.24,6.763792,-7.338711999999999,0.13368927,1001.81903,5.690991742404431,1001.8174260572335,0,0
46.26000000000001,6.6982155,-7.2338809999999985,0.1480152,1001.8293,5.691440506398214,1001.8173570441319,0,0
46.28,6.9611464000000005,-7.3196807,-0.07923241,1001.8167,5.692343551574695,1001.8172936987963,0,0
46.3,6.932504,-7.22435,-0.61421674,1001.81647,5.693498827796772,1001.8172347615421,0,0
46.32,6.832165,-7.2100506,-0.8083239999999999,1001.80396,5.694736511013907,1001.8171348954428,0,0
46.34,6.368566,-7.672408,-0.5100526,1001.8092,5.6960808861744505,1001.8170180881338,0,0
46.36000000000001,6.3112473,-7.6104436,-0.20704718,1001.8167,5.697316915899672,1001.8169137320782,0,0
46.38,6.598072500000002,-7.4102488,-0.3538103,1001.81647,5.698534355607321,1001.816819925632,0,0
46.40000000000001,6.712827000000001,-7.291086,-0.4248228,1001.814,5.69971328126338,1001.8167268865236,0,0
46.42,6.8705997000000005,-7.210056,-0.22597419,1001.82904,5.70094160571038,1001.8166890043764,0,0
46.44000000000001,7.0188107,-7.214823,-0.041329067,1001.82916,5.702424807090093,1001.8167004272952,0,0
46.46,6.712942599999999,-7.133792999999999,0.15751952,1001.8167,5.7035691261573,1001.816710519048,0,0
46.48,6.4548726,-7.133794,0.20013276,1001.78864,5.704047814252312,1001.8166183822522,0,0
46.5,6.3210773,-7.0479970000000005,0.08177623,1001.81146,5.703614414567428,1001.8165184000032,0,0
46.52,6.1203623,-7.457921000000002,0.37057835,1001.84406,5.7027657463488675,1001.816529205448,0,0
46.540000000000006,6.106062400000001,-7.295859299999999,0.03443918,1001.79913,5.701260225808222,1001.8164761159996,0,0
46.56,6.297293700000001,-7.391192,-0.022370078,1001.819,5.699587484055966,1001.8164382921452,0,0
46.58000000000001,6.3068905,-7.457924,-0.30169657,1001.8039,5.697901286591398,1001.8163597331356,0,0
46.6,6.493344,-7.5151243,-0.4295217000000001,1001.794,5.6965610674595855,1001.8162098233555,0,0
46.62000000000001,6.679794,-7.2863307,-0.68991053,1001.8141,5.695464485625229,1001.8160697677098,0,0
46.64,6.8997035,-7.0956683000000025,-0.7656575,1001.8012,5.694624265805165,1001.8158924833776,0,0
46.66,6.7706880000000025,-7.467461599999999,-0.48632395,1001.8167,5.694356332777715,1001.8157387420014,0,0
46.68,6.6464553,-7.410263499999999,-0.25906873,1001.8062,5.6943164595275375,1001.81556855665,0,0
46.7,6.9284982999999984,-7.19577,-0.01761096,1001.8162,5.694543786921537,1001.8154204540698,0,0
46.72000000000001,6.9763354999999985,-7.219603,0.062877536,1001.824,5.695111451623893,1001.8153204769952,0,0
46.74,6.7373843,-7.338767999999999,0.20017885,1001.8368,5.695821324991906,1001.8153094635347,0,0
46.76000000000001,6.8218503,-7.181433,0.26158234,1001.82916,5.696538113587407,1001.8153495939728,0,0
46.78,6.8122625,-7.3101296,0.07693797,1001.8188,5.6974330329629455,1001.8153974746892,0,0
46.8,6.6831837,-7.238631,0.0958734,1001.8162,5.69819107822932,1001.8154426711814,0,0
46.82,6.7070556,-7.2386300000000015,0.039058086,1001.8188,5.698858332366452,1001.8154946931855,0,0
46.84,6.5015,-7.372093,-0.027225766,1001.7964,5.699362146929702,1001.8154719189332,0,0
46.86000000000001,6.319845,-7.386392,-0.10297829,1001.8141,5.699495614708983,1001.8154468566954,0,0
46.88,6.3532777000000005,-7.515088599999999,0.03431699,1001.7813,5.699549137006429,1001.8153017830181,0,0
46.90000000000001,6.334134,-7.548453999999999,0.015377175,1001.7862,5.699559136331834,1001.8150688294977,0,0
46.92,6.2576303,-7.5579863,0.0059059113,1001.80347,5.699444030553079,1001.8148212359813,0,0
46.94000000000001,6.3436445999999975,-7.462654,-0.060377795,1001.824,5.699182282350192,1001.8146355059002,0,0
46.96,6.429656,-7.386389,-0.093520954,1001.80615,5.698788856583251,1001.8144408469797,0,0
46.98,6.4105115,-7.462652999999999,0.15740019,1001.82385,5.698376059729871,1001.8143027193083,0,0
47.0,6.400926,-7.5627502999999985,0.32783645,1001.79865,5.6981016711593195,1001.8141243199085,0,0
47.02,6.539515,-7.443585400000001,0.20000517,1001.8038,5.697944035874008,1001.8139295186467,0,0
47.040000000000006,6.54905,-7.3959193,0.09584595,1001.82916,5.697825711025289,1001.813812221985,0,0
47.06,6.472549,-7.4864836,0.15265664,1001.80096,5.697780987193553,1001.8136623106557,0,0
47.08000000000001,6.5633396999999984,-7.3530190000000015,0.10057585,1001.81616,5.69771621304079,1001.8135388406863,0,0
47.1,6.7784065999999985,-7.224321400000001,-0.017786454,1001.8263,5.697737388832865,1001.8134756827952,0,0
47.12000000000001,6.6588864,-7.1623554,-0.13141449,1001.81885,5.697572546867784,1001.8134392240244,0,0
47.14,6.510687,-7.4245160000000014,-0.07460396,1001.80865,5.697440688483662,1001.8133897678481,0,0
47.16,6.601476700000001,-7.300585000000001,0.08162892,1001.81647,5.697271688560328,1001.8133571572064,0,0
47.18,6.6922708,-7.324416999999999,-0.027264405,1001.8163,5.697233439287852,1001.8133389366775,0,0
47.2,6.6922436,-7.5961103,-0.0083292425,1001.816,5.697731089658363,1001.8133324168463,0,0
47.22000000000001,6.735239999999999,-7.629475,0.029543972,1001.80865,5.698811671931902,1001.8133097992226,0,0
47.24,6.5679225999999975,-7.491244999999997,0.024807382000000003,1001.80096,5.699958000636755,1001.8132453550132,0,0
47.26000000000001,6.1726866,-7.415016,-0.01766609,1001.8338,5.700504139507188,1001.8132624088316,0,0
47.28,5.981528,-7.400717699999999,0.25693247,1001.8263,5.700250194435263,1001.8133244129136,0,0
47.3,5.7999306,-7.686711999999999,0.2522013,1001.83136,5.699526037625879,1001.8134441278344,0,0
47.32,5.7808475,-7.834475500000001,0.10070358,1001.83124,5.6986056587546265,1001.8136139730777,0,0
47.34,6.263643,-7.548483,-0.0034500546999999995,1001.80615,5.6976646685637045,1001.813737178032,0,0
47.36000000000001,6.7129774000000015,-7.4674524999999985,-0.2685737,1001.81586,5.697199448874907,1001.8138536840885,0,0
47.38,6.9711246,-7.3435229999999985,-0.2022886,1001.8137,5.697327929740544,1001.8139560755774,0,0
47.40000000000001,6.952039,-7.329224000000001,-0.08392538,1001.8061,5.697928203004517,1001.8140182668247,0,0
47.42,6.636605,-7.4436225999999985,0.13859467,1001.84607,5.698675650669537,1001.8141886052506,0,0
47.44000000000001,6.3546324,-7.558020599999999,0.26642683,1001.81354,5.69935201916553,1001.8143367813046,0,0
47.46,6.249514,-7.538955,0.29957116,1001.8338,5.699794758245223,1001.8145377772532,0,0
47.48,6.2065315000000005,-7.4912906,0.32798082,1001.8233,5.699898150419258,1001.8147469212752,0,0
47.5,6.173104,-7.667654,0.38006207,1001.79584,5.699945044172806,1001.8148636560167,0,0
47.52,6.2496166,-7.7343864,0.16228274,1001.8235,5.700137154680117,1001.8149978936723,0,0
47.540000000000006,6.2831125,-7.686722,0.06286369,1001.8184,5.700421576023935,1001.8151287536476,0,0
47.56,6.1254125,-7.753454700000002,0.09600754,1001.8284,5.700689886332753,1001.8152921580087,0,0
47.58000000000001,5.977274,-7.882152599999999,0.19543332,1001.8183,5.700969099356677,1001.8154473703336,0,0
47.6,6.029887,-7.853553999999999,0.25224942,1001.8311,5.7012786872214125,1001.8156408654103,0,0
47.62000000000001,6.2450113,-7.6533593999999985,0.25225246,1001.816,5.7015652816234885,1001.8158131305447,0,0
47.64,6.326299,-7.438865,0.14336400000000002,1001.8183,5.701591617417773,1001.8159742967476,0,0
47.66,6.3406763,-7.4436326,0.16703947,1001.8435,5.7014155864098885,1001.816215795736,0,0
47.68,6.3741727,-7.591397,0.27119982,1001.8209,5.701345584437715,1001.8164460473777,0,0
47.7,6.4506807,-7.5056,0.2901403,1001.8007,5.701337696448532,1001.8165928119575,0,0
47.72000000000001,6.4985147,-7.5342,0.30908117,1001.79047,5.701495775644909,1001.8166284510173,0,0
47.74,6.54635,-7.534200999999999,0.25227174,1001.8233,5.7018616600261,1001.8166839592668,0,0
47.76000000000001,6.410847,-7.515094,0.27105665,1001.80835,5.7021970941865225,1001.8167030041028,0,0
47.78,6.4586120000000005,-7.5389256,0.34680409999999995,1001.81085,5.702611434733485,1001.8166987613052,0,0
47.8,6.4681387,-7.46266,0.40361398,1001.81085,5.702991396624566,1001.8166739568283,0,0
47.82,6.3964089999999985,-7.548457000000001,0.1952971,1001.8183,5.703364872176398,1001.816657893348,0,0
47.84,6.3198986,-7.6199546,0.17635648,1001.80554,5.70374224678522,1001.8166036752408,0,0
47.86000000000001,6.286412,-7.7009854,0.26630753,1001.8181,5.704211686116095,1001.8165611548905,0,0
47.88,6.3150554,-7.639019,0.3420548,1001.8385,5.704703905190178,1001.8166025637512,0,0
47.90000000000001,6.329364,-7.662851299999999,0.3467864,1001.80084,5.705271915881872,1001.8165824073908,0,0
47.92,6.3914684999999976,-7.52462,0.29470490000000005,1001.80835,5.705764053023822,1001.8165349605646,0,0
47.94000000000001,6.482252,-7.4483542,0.37045237,1001.8282,5.706195495509688,1001.8165350306907,0,0
47.96,6.563475,-7.4912534,0.36571497,1001.8155,5.7067494692509495,1001.8165313665436,0,0
47.98,6.577783599999999,-7.414986999999999,0.39411852,1001.8284,5.707312806466298,1001.8165708559836,0,0
48.0,6.878876700000001,-7.515084299999999,0.5361474,1001.8234,5.708468916496968,1001.8166303337716,0,0
48.02,7.1178355,-7.1766577000000025,0.5314101999999999,1001.81335,5.709977688231152,1001.8166710791432,0,0
48.040000000000006,7.8013144,-6.9526286,1.0663948,1001.8054,5.712587343638253,1001.8166665058687,0,0
48.06,8.685547,-6.3472753,1.5587702,1001.846,5.716920743168168,1001.8167680655023,0,0
48.08000000000001,8.623378,-6.2138114,0.9385601,1001.8533,5.7223465925167405,1001.8169893185584,0,0
48.1,7.968511,-6.5093365,1.1279333,1001.8181,5.728054340000376,1001.8171888162124,0,0
48.12000000000001,6.94082,-7.067023,1.440401,1001.8285,5.733281320648395,1001.8174058126007,0,0
48.14,6.66356,-6.452136,1.6203055,1001.8382,5.736830572250737,1001.8176724096844,0,0
48.16,8.064008,-5.7848177000000005,2.5577145,1001.8255,5.740615460849397,1001.8179361541924,0,0
48.18,8.852644,-5.522656,3.1779187,1001.8431,5.745963875668672,1001.8182597886847,0,0
48.2,9.125063,-5.279561,3.1021655,1001.8356,5.7528450257636345,1001.8186081768828,0,0
48.22000000000001,9.220626,-5.0174,3.7223694,1001.8105,5.761364421709972,1001.8188868232576,0,0
48.24,9.081979,-4.7933707000000005,3.6513503,1001.818,5.770804670976911,1001.8191298426308,0,0
48.26000000000001,9.088305,-4.2404876,3.6988358,1001.828,5.7805884007301325,1001.8193765071156,0,0
48.28,8.930598,-4.073658999999998,4.248029,1001.8004,5.790653589689323,1001.8195261444287,0,0
48.3,8.390512,-3.7686,4.361658,1001.823,5.799859029141049,1001.8196708698387,0,0
48.32,7.520617,-3.7495344,4.143878,1001.7903,5.806587922744254,1001.8196930140792,0,0
48.34,7.262534,-3.2299802000000004,4.0444580000000006,1001.8255,5.8101660479906965,1001.8197334858796,0,0
48.36000000000001,7.143073599999999,-2.9487543,4.5747147,1001.79535,5.811076386432218,1001.8196814662134,0,0
48.38,6.961471,-2.7151937000000004,4.3995442,1001.8026,5.808983713351555,1001.8195740083577,0,0
48.40000000000001,6.899361999999999,-2.3577027000000004,4.858784,1001.8104,5.8044331794032615,1001.8194460321664,0,0
48.42,6.8133564,-2.009745,4.745161,1001.79047,5.797272003838367,1001.8192286386882,0,0
48.44000000000001,6.6078553,-1.8000171000000005,4.97715,1001.8029,5.787670789355791,1001.8189777667114,0,0
48.46,6.6652412,-1.5807562,5.3038263,1001.7803,5.776358116656993,1001.8186168562726,0,0
48.48,6.5696759999999985,-2.1098447,6.0992093,1001.79004,5.764708659806758,1001.8181950791264,0,0
48.5,7.0763655,-1.5569249,6.3169947,1001.7828,5.753641803783222,1001.8176949745548,0,0
48.52,6.9186625,-1.6093578000000002,6.695749799999999,1001.77795,5.743439353233942,1001.8171100002472,0,0
48.540000000000006,7.358434700000001,-1.2232674,6.264921,1001.78284,5.7339949184894285,1001.816469744948,0,0
48.56,7.2676487,-1.4854288,6.5915979999999985,1001.78784,5.725632887545105,1001.8158009482837,0,0
48.58000000000001,7.4110713000000015,-1.4711298000000002,7.1597295,1001.7979,5.719266883030207,1001.8151455561377,0,0
48.6,7.186451400000001,-1.4472976999999998,6.6342134,1001.79285,5.713602240381406,1001.814486187635,0,0
48.62000000000001,7.1864796,-1.4758978,6.6673565,1001.7979,5.708632808901081,1001.8138438593508,0,0
48.64,6.9331809999999985,-1.6093622,7.012971,1001.77747,5.704458800487107,1001.8131453521852,0,0
48.66,7.1722009999999985,-1.5187984,7.159740400000001,1001.80804,5.701533404912017,1001.8125097719857,0,0
48.68,7.2582664,-1.5759978,5.3985443,1001.8381,5.697507587301294,1001.8120402981424,0,0
48.7,7.004967,-1.7952601,7.0366516,1001.89575,5.694410904113727,1001.8119268259807,0,0
48.72000000000001,7.277448,-1.3281383999999998,6.5490108,1001.7978,5.691710026095903,1001.8117757054056,0,0
