Timestamp,Ax,Ay,Az,P,Value,Type
0.0,0.56941336,5.367343,8.144681,1002.77496,0,0
0.04,0.23949464,5.152851,7.62862,1002.7747,0,0
0.08,0.106028214,5.124243,8.457175,1002.77,0,0
0.12,0.1346195,5.3816385,7.737537400000001,1002.7499,0,0
0.16,0.14892976,5.3721066,8.064209,1002.78534,0,0
0.2,0.05327531,5.109947,8.537643,1002.8106,0,0
0.24,-0.10454576,5.1004167,8.490291000000001,1002.7803,0,0
0.28,0.0005807736,5.190982,8.291445,1002.7727,0,0
0.32,-0.09029383,5.1194844,8.3766575,1002.77795,0,0
0.36,0.033893563,5.3911805,8.338775,1002.78033,0,0
0.4,-0.0139336595,5.2052855000000005,8.689117999999999,1002.7958,0,0
0.44,-0.10961728,5.25772,8.206201,1002.773,0,0
0.48,-0.10961728,5.25772,8.206201,1002.80835,0,0
0.52,0.014599292,5.3435190000000015,7.955272,1002.763,0,0
0.56,-0.63073254,4.9383636,8.594411000000001,1002.81586,0,0
0.6,-0.5256352,5.0908947,8.0073395,1002.8032,0,0
0.64,-0.84116054,4.971732,7.959989999999999,1002.8159,0,0
0.68,-0.5496509,5.1623955000000015,8.329267999999999,1002.78314,0,0
0.72,-0.36329696,5.0622997000000005,8.87372,1002.7884,0,0
0.76,-0.24386017,5.138566,8.258242,1002.78864,0,0
0.8,-0.33951458,5.1624,8.191955,1002.7557,0,0
0.84,-0.3156739,5.024171400000001,8.220355,1002.7782,0,0
0.88,-0.09111066,5.2053027,8.826352,1002.7808,0,0
0.92,-0.31103992,5.191004799999999,7.9788869999999985,1002.78864,0,0
0.96,-0.2345923,5.1671724,7.950479,1002.80365,0,0
1.0,-0.48322964,5.019411,8.457053,1002.79364,0,0
1.04,-0.4115909,5.171942,9.044112,1002.7911,0,0
1.08,-0.5017995,5.167161,8.215648,1002.7734,0,0
1.12,-0.40621936,5.1576285,7.841628599999999,1002.78357,0,0
1.16,-0.6691402,4.8859353,8.43816,1002.77356,0,0
1.2,-0.61661,5.138564,7.3161016,1002.7987,0,0
1.24,-0.53536916,5.405492,7.780072,1002.74854,0,0
1.28,-0.5879945,5.2005305,8.59912,1002.7939,0,0
1.32,-0.57368684,5.3864274000000005,8.352928,1002.7788,0,0
1.36,-0.3251529,5.553257,8.116206,1002.7914,0,0
1.4,-0.535496,5.5246580000000005,7.978905,1002.77124,0,0
1.44,-0.48294985,5.3292303,7.974169,1002.7661,0,0
1.48,-0.6120361999999999,5.2529664,7.917353,1002.7738,0,0
1.52,-0.63118714,5.2910995000000005,8.12093,1002.77155,0,0
1.56,-0.32532728,5.6152267,8.049909,1002.8068,0,0
1.6,-0.4257349,5.5818615,7.751638400000001,1002.75885,0,0
1.64,-0.464005,5.4293327000000025,8.0357,1002.77155,0,0
1.68,-0.53571796,5.395967,8.144589,1002.75885,0,0
1.72,-0.6170063,5.381668,7.860522,1002.77893,0,0
1.76,-0.5262217,5.35307,8.101974499999999,1002.7864,0,0
1.8,-0.57403564,5.281572,7.9552064,1002.7915,0,0
1.84,-0.22992146,5.491301,8.087767,1002.7968,0,0
1.88,-0.18693484,5.5342007,7.789496400000001,1002.77924,0,0
1.92,-0.5263485,5.4579372,8.078291,1002.77637,0,0
1.96,-0.55027926,5.5675683,8.513853,1002.78644,0,0
2.0,-0.5502951,5.4960704000000025,8.485445,1002.74866,0,0
2.04,-0.6172441,5.491305400000001,7.832094,1002.769,0,0
2.08,-0.62205553,5.486539,8.054608,1002.79926,0,0
2.12,-0.60311526,5.4865437,8.035655,1002.80194,0,0
2.16,-0.497978,5.4531784000000005,8.314982,1002.80444,0,0
2.2,-0.34031805,5.62001,8.135067999999999,1002.7766,0,0
2.24,-0.37857485,5.5580444,7.8273306,1002.7767,0,0
2.28,-0.5459048000000001,5.419815,7.751577,1002.7817,0,0
2.32,-0.72279435,5.5056143,7.7705107,1002.77167,0,0
2.36,-0.7849501999999999,5.519914,7.690024,1002.7968,0,0
2.4,-0.64637256,5.3959845999999985,8.234477,1002.78644,0,0
2.44,-0.54603356,5.586648,8.438054,1002.79425,0,0
2.48,-0.60342795,5.4293528,8.111376,1002.7616,0,0
2.52,-0.60826296,5.405521,8.182387,1002.76666,0,0
2.56,-0.5174834,5.4770203,7.9409285,1002.78424,0,0
2.6,-0.3645665,5.462721299999999,8.229725,1002.80444,0,0
2.64,-0.55579543,5.3006597,8.106626499999999,1002.7714,0,0
2.68,-0.50323594,5.405524,7.9645925,1002.7767,0,0
2.72,-0.44115365,5.3816924,8.030869500000001,1002.78424,0,0
2.76,-0.6036854,5.381693,7.8178196,1002.79425,0,0
2.8,-0.55594254,5.4388933,8.239175999999999,1002.7766,0,0
2.84,-0.4173466,5.415061,8.286519,1002.7942,0,0
2.88,-0.33612671,5.562825,8.29125,1002.76636,0,0
2.92,-0.36004415,5.52946,8.0782,1002.749,0,0
2.96,-0.4031175,5.519928,8.120804,1002.8093,0,0
3.0,-0.4365945,5.5151615,8.243897,1002.7766,0,0
3.04,-0.29801702,5.6343265,7.742047,1002.7867,0,0
3.08,-0.58962184,5.3006682000000005,8.248625,1002.7741,0,0
3.12,-0.43134788,5.558049,7.576389,1002.79675,0,0
3.16,-0.5030589,5.4388857,8.215533,1002.80426,0,0
3.2,-0.35968578,5.477019,7.912528999999997,1002.7867,0,0
3.24,-0.35491294,5.4960847,8.239202,1002.7638,0,0
3.28,-0.3644865,5.4293537,7.9646050000000015,1002.79175,0,0
3.32,-0.38362658,5.5437512,8.229731,1002.7968,0,0
3.36,-0.33583555,5.4770203,8.18712,1002.77924,0,0
3.4,-0.24502628,5.5008526,8.082962,1002.79425,0,0
3.44,-0.18769649,5.6057177000000005,7.618988000000001,1002.79425,0,0
3.48,-0.3263178,5.562819,7.6758003,1002.794,0,0
3.52,-0.32155192,5.4865546,8.201317999999999,1002.7791,0,0
3.56,-0.43627417,5.3483243,8.158707000000001,1002.7915,0,0
3.6,-0.30246764,5.6104856,7.9835324,1002.7915,0,0
3.64,-0.3980707000000001,5.491322,8.026141,1002.78424,0,0
3.68,-0.36939883,5.4722557,8.135032,1002.78143,0,0
3.72,-0.31684187,5.5294550000000005,7.992997,1002.7766,0,0
3.76,-0.3981125,5.3769255,8.248654,1002.7839,0,0
3.8,-0.36466786,5.538989,7.8935723,1002.79926,0,0
3.84,-0.28342515,5.562822,7.8604302,1002.7462,0,0
3.88,-0.36946863,5.5103903,8.082946000000002,1002.7915,0,0
3.92,-0.52722305,5.3578606,7.789412,1002.794,0,0
3.96,-0.49377832,5.3912272,8.2155075,1002.79425,0,0
4.0,-0.63718647,5.238697,7.841487400000001,1002.75366,0,0
4.04,-0.47945988,5.27683,7.841487,1002.78644,0,0
4.08,-0.067729026,5.848800700000001,8.163487,1002.79144,0,0
4.12,-0.019917028,5.71057,8.352865,1002.7764,0,0
4.16,-0.2636661,5.5056075999999985,7.690050599999997,1002.7788,0,0
4.2,-0.18718223,5.7010365,7.813145599999999,1002.7764,0,0
4.24,-0.31145015,5.5485063,8.2203045,1002.7967,0,0
4.28,-0.53130025,5.3816760000000015,8.059338,1002.7788,0,0
4.32,-0.34965375,5.5437393,7.6663830000000015,1002.7916,0,0
4.36,-0.08675755,5.7915998,8.045135499999999,1002.7914,0,0
4.4,-0.55994415,5.338776599999999,8.026199,1002.7761,0,0
4.44,-0.5408109999999999,5.376909,8.059341,1002.7763,0,0
4.48,-0.17275220000000002,5.5818699999999986,8.201375,1002.7989,0,0
4.52,-0.46430627,5.243444,8.191908,1002.78613,0,0
4.56,-0.22530212,5.6152352999999975,7.8273597000000015,1002.7914,0,0
4.6,-0.42125314,5.4245730000000005,8.532788,1002.7914,0,0
4.64,-0.3830007,5.429339,8.030942,1002.78107,0,0
4.68,-0.22048047,5.5771017,8.163506,1002.7911,0,0
4.72,-0.550266,5.1624103,8.06882,1002.80396,0,0
4.76,-0.550266,5.1624103,8.06882,1002.7559,0,0
4.8,-0.22521839,5.5151353,7.623788,1002.766,0,0
4.84,-0.23477106,5.538968,7.652194500000001,1002.78613,0,0
4.88,-0.5932354000000001,5.2291417,8.139841,1002.8039,0,0
4.92,-0.4307011,5.457936,8.4712515,1002.7735,0,0
4.96,-0.57886803,5.3816705,8.386031,1002.77606,0,0
5.0,-0.5167096999999999,5.4007363,8.191923,1002.78076,0,0
5.04,-0.5119229000000001,5.372137,8.324487,1002.7758,0,0
5.08,-0.53102124,5.2863383000000015,8.172989,1002.79083,0,0
5.12,-0.3398151,5.457934,8.078301,1002.77057,0,0
5.16,-0.35414058,5.357836,8.281882000000001,1002.758,0,0
5.2,-0.45450246,5.1814733,8.07357,1002.7707,0,0
5.24,-0.45449552,5.1671734,8.007289,1002.778,0,0
5.28,-0.33992788,5.4007382,8.068822,1002.758,0,0
5.32,-0.45463896,5.2529745000000005,8.329215,1002.7883,0,0
5.36,-0.4211762,5.210076,8.447575,1002.7807,0,0
5.4,-0.36380604,5.319706,8.177715,1002.7807,0,0
5.44,-0.4593979,5.281574,8.172982000000001,1002.768,0,0
5.48,-0.42114702,5.314939,8.163514,1002.7929,0,0
5.52,-0.4450418,5.314939,8.390766000000001,1002.7983,0,0
5.56,-0.4450335,5.2339077000000005,8.106703,1002.7856,0,0
5.6,-0.36376432,5.3673706,8.206125,1002.7679,0,0
5.64,-0.43067735,5.2863393,8.291346,1002.76514,0,0
5.68,-0.33506876,5.3197044999999985,8.196658,1002.7752,0,0
5.72,-0.44500005,5.167175,8.343426,1002.7803,0,0
5.76,-0.5214686,5.133808,8.239269,1002.7727,0,0
5.8,-0.35894698,5.4150352,7.9552064,1002.7452,0,0
5.84,-0.28246173,5.453168,7.775299,1002.77545,0,0
5.88,-0.4545263,5.219606,8.490194,1002.7803,0,0
5.92,-0.4736414000000001,5.1719403,8.300818,1002.78033,0,0
5.96,-0.34457412,5.3387694,8.272414,1002.78284,0,0
6.0,-0.41626284,5.2625046,8.168258,1002.7876,0,0
6.04,0.56941336,5.367343,8.144681,1002.77496,0,0
6.08,0.23949464,5.152851,7.62862,1002.7747,0,0
6.12,0.106028214,5.124243,8.457175,1002.77,0,0
6.16,0.1346195,5.3816385,7.737537400000001,1002.7499,0,0
6.2,0.14892976,5.3721066,8.064209,1002.78534,0,0
6.24,0.05327531,5.109947,8.537643,1002.8106,0,0
6.28,-0.10454576,5.1004167,8.490291000000001,1002.7803,0,0
6.32,0.0005807736,5.190982,8.291445,1002.7727,0,0
6.36,-0.09029383,5.1194844,8.3766575,1002.77795,0,0
6.4,0.033893563,5.3911805,8.338775,1002.78033,0,0
6.44,-0.0139336595,5.2052855000000005,8.689117999999999,1002.7958,0,0
6.48,-0.10961728,5.25772,8.206201,1002.773,0,0
6.52,-0.10961728,5.25772,8.206201,1002.80835,0,0
6.56,0.014599292,5.3435190000000015,7.955272,1002.763,0,0
6.6,-0.63073254,4.9383636,8.594411000000001,1002.81586,0,0
6.64,-0.5256352,5.0908947,8.0073395,1002.8032,0,0
6.68,-0.84116054,4.971732,7.959989999999999,1002.8159,0,0
6.72,-0.5496509,5.1623955000000015,8.329267999999999,1002.78314,0,0
6.76,-0.36329696,5.0622997000000005,8.87372,1002.7884,0,0
6.8,-0.24386017,5.138566,8.258242,1002.78864,0,0
6.84,-0.33951458,5.1624,8.191955,1002.7557,0,0
6.88,-0.3156739,5.024171400000001,8.220355,1002.7782,0,0
6.92,-0.09111066,5.2053027,8.826352,1002.7808,0,0
6.96,-0.31103992,5.191004799999999,7.9788869999999985,1002.78864,0,0
7.0,-0.2345923,5.1671724,7.950479,1002.80365,0,0
7.04,-0.48322964,5.019411,8.457053,1002.79364,0,0
7.08,-0.4115909,5.171942,9.044112,1002.7911,0,0
7.12,-0.5017995,5.167161,8.215648,1002.7734,0,0
7.16,-0.40621936,5.1576285,7.841628599999999,1002.78357,0,0
7.2,-0.6691402,4.8859353,8.43816,1002.77356,0,0
7.24,-0.61661,5.138564,7.3161016,1002.7987,0,0
7.28,-0.53536916,5.405492,7.780072,1002.74854,0,0
7.32,-0.5879945,5.2005305,8.59912,1002.7939,0,0
7.36,-0.57368684,5.3864274000000005,8.352928,1002.7788,0,0
7.4,-0.3251529,5.553257,8.116206,1002.7914,0,0
7.44,-0.535496,5.5246580000000005,7.978905,1002.77124,0,0
7.48,-0.48294985,5.3292303,7.974169,1002.7661,0,0
7.52,-0.6120361999999999,5.2529664,7.917353,1002.7738,0,0
7.56,-0.63118714,5.2910995000000005,8.12093,1002.77155,0,0
7.6,-0.32532728,5.6152267,8.049909,1002.8068,0,0
7.64,-0.4257349,5.5818615,7.751638400000001,1002.75885,0,0
7.68,-0.464005,5.4293327000000025,8.0357,1002.77155,0,0
7.72,-0.53571796,5.395967,8.144589,1002.75885,0,0
7.76,-0.6170063,5.381668,7.860522,1002.77893,0,0
7.8,-0.5262217,5.35307,8.101974499999999,1002.7864,0,0
7.84,-0.57403564,5.281572,7.9552064,1002.7915,0,0
7.88,-0.22992146,5.491301,8.087767,1002.7968,0,0
7.92,-0.18693484,5.5342007,7.789496400000001,1002.77924,0,0
7.96,-0.5263485,5.4579372,8.078291,1002.77637,0,0
8.0,-0.55027926,5.5675683,8.513853,1002.78644,0,0
8.04,-0.5502951,5.4960704000000025,8.485445,1002.74866,0,0
8.08,-0.6172441,5.491305400000001,7.832094,1002.769,0,0
8.12,-0.62205553,5.486539,8.054608,1002.79926,0,0
8.16,-0.60311526,5.4865437,8.035655,1002.80194,0,0
8.2,-0.497978,5.4531784000000005,8.314982,1002.80444,0,0
8.24,-0.34031805,5.62001,8.135067999999999,1002.7766,0,0
8.28,-0.37857485,5.5580444,7.8273306,1002.7767,0,0
8.32,-0.5459048000000001,5.419815,7.751577,1002.7817,0,0
8.36,-0.72279435,5.5056143,7.7705107,1002.77167,0,0
8.4,-0.7849501999999999,5.519914,7.690024,1002.7968,0,0
8.44,-0.64637256,5.3959845999999985,8.234477,1002.78644,0,0
8.48,-0.54603356,5.586648,8.438054,1002.79425,0,0
8.52,-0.60342795,5.4293528,8.111376,1002.7616,0,0
8.56,-0.60826296,5.405521,8.182387,1002.76666,0,0
8.6,-0.5174834,5.4770203,7.9409285,1002.78424,0,0
8.64,-0.3645665,5.462721299999999,8.229725,1002.80444,0,0
8.68,-0.55579543,5.3006597,8.106626499999999,1002.7714,0,0
8.72,-0.50323594,5.405524,7.9645925,1002.7767,0,0
8.76,-0.44115365,5.3816924,8.030869500000001,1002.78424,0,0
8.8,-0.6036854,5.381693,7.8178196,1002.79425,0,0
8.84,-0.55594254,5.4388933,8.239175999999999,1002.7766,0,0
8.88,-0.4173466,5.415061,8.286519,1002.7942,0,0
8.92,-0.33612671,5.562825,8.29125,1002.76636,0,0
8.96,-0.36004415,5.52946,8.0782,1002.749,0,0
9.0,-0.4031175,5.519928,8.120804,1002.8093,0,0
9.04,-0.4365945,5.5151615,8.243897,1002.7766,0,0
9.08,-0.29801702,5.6343265,7.742047,1002.7867,0,0
9.12,-0.58962184,5.3006682000000005,8.248625,1002.7741,0,0
9.16,-0.43134788,5.558049,7.576389,1002.79675,0,0
9.2,-0.5030589,5.4388857,8.215533,1002.80426,0,0
9.24,-0.35968578,5.477019,7.912528999999997,1002.7867,0,0
9.28,-0.35491294,5.4960847,8.239202,1002.7638,0,0
9.32,-0.3644865,5.4293537,7.9646050000000015,1002.79175,0,0
9.36,-0.38362658,5.5437512,8.229731,1002.7968,0,0
9.4,-0.33583555,5.4770203,8.18712,1002.77924,0,0
9.44,-0.24502628,5.5008526,8.082962,1002.79425,0,0
9.48,-0.18769649,5.6057177000000005,7.618988000000001,1002.79425,0,0
9.52,-0.3263178,5.562819,7.6758003,1002.794,0,0
9.56,-0.32155192,5.4865546,8.201317999999999,1002.7791,0,0
9.6,-0.43627417,5.3483243,8.158707000000001,1002.7915,0,0
9.64,-0.30246764,5.6104856,7.9835324,1002.7915,0,0
9.68,-0.3980707000000001,5.491322,8.026141,1002.78424,0,0
9.72,-0.36939883,5.4722557,8.135032,1002.78143,0,0
9.76,-0.31684187,5.5294550000000005,7.992997,1002.7766,0,0
9.8,-0.3981125,5.3769255,8.248654,1002.7839,0,0
9.84,-0.36466786,5.538989,7.8935723,1002.79926,0,0
9.88,-0.28342515,5.562822,7.8604302,1002.7462,0,0
9.92,-0.36946863,5.5103903,8.082946000000002,1002.7915,0,0
9.96,-0.52722305,5.3578606,7.789412,1002.794,0,0
10.0,-0.49377832,5.3912272,8.2155075,1002.79425,0,0
10.04,-0.63718647,5.238697,7.841487400000001,1002.75366,0,0
10.08,-0.47945988,5.27683,7.841487,1002.78644,0,0
10.12,-0.067729026,5.848800700000001,8.163487,1002.79144,0,0
10.16,-0.019917028,5.71057,8.352865,1002.7764,0,0
10.2,-0.2636661,5.5056075999999985,7.690050599999997,1002.7788,0,0
10.24,-0.18718223,5.7010365,7.813145599999999,1002.7764,0,0
10.28,-0.31145015,5.5485063,8.2203045,1002.7967,0,0
10.32,-0.53130025,5.3816760000000015,8.059338,1002.7788,0,0
10.36,-0.34965375,5.5437393,7.6663830000000015,1002.7916,0,0
10.4,-0.08675755,5.7915998,8.045135499999999,1002.7914,0,0
10.44,-0.55994415,5.338776599999999,8.026199,1002.7761,0,0
10.48,-0.5408109999999999,5.376909,8.059341,1002.7763,0,0
10.52,-0.17275220000000002,5.5818699999999986,8.201375,1002.7989,0,0
10.56,-0.46430627,5.243444,8.191908,1002.78613,0,0
10.6,-0.22530212,5.6152352999999975,7.8273597000000015,1002.7914,0,0
10.64,-0.42125314,5.4245730000000005,8.532788,1002.7914,0,0
10.68,-0.3830007,5.429339,8.030942,1002.78107,0,0
10.72,-0.22048047,5.5771017,8.163506,1002.7911,0,0
10.76,-0.550266,5.1624103,8.06882,1002.80396,0,0
10.8,-0.550266,5.1624103,8.06882,1002.7559,0,0
10.84,-0.22521839,5.5151353,7.623788,1002.766,0,0
10.88,-0.23477106,5.538968,7.652194500000001,1002.78613,0,0
10.92,-0.5932354000000001,5.2291417,8.139841,1002.8039,0,0
10.96,-0.4307011,5.457936,8.4712515,1002.7735,0,0
11.0,-0.57886803,5.3816705,8.386031,1002.77606,0,0
11.04,-0.5167096999999999,5.4007363,8.191923,1002.78076,0,0
11.08,-0.5119229000000001,5.372137,8.324487,1002.7758,0,0
11.12,-0.53102124,5.2863383000000015,8.172989,1002.79083,0,0
11.16,-0.3398151,5.457934,8.078301,1002.77057,0,0
11.2,-0.35414058,5.357836,8.281882000000001,1002.758,0,0
11.24,-0.45450246,5.1814733,8.07357,1002.7707,0,0
11.28,-0.45449552,5.1671734,8.007289,1002.778,0,0
11.32,-0.33992788,5.4007382,8.068822,1002.758,0,0
11.36,-0.45463896,5.2529745000000005,8.329215,1002.7883,0,0
11.4,-0.4211762,5.210076,8.447575,1002.7807,0,0
11.44,-0.36380604,5.319706,8.177715,1002.7807,0,0
11.48,-0.4593979,5.281574,8.172982000000001,1002.768,0,0
11.52,-0.42114702,5.314939,8.163514,1002.7929,0,0
11.56,-0.4450418,5.314939,8.390766000000001,1002.7983,0,0
11.6,-0.4450335,5.2339077000000005,8.106703,1002.7856,0,0
11.64,-0.36376432,5.3673706,8.206125,1002.7679,0,0
11.68,-0.43067735,5.2863393,8.291346,1002.76514,0,0
11.72,-0.33506876,5.3197044999999985,8.196658,1002.7752,0,0
11.76,-0.44500005,5.167175,8.343426,1002.7803,0,0
11.8,-0.5214686,5.133808,8.239269,1002.7727,0,0
11.84,-0.35894698,5.4150352,7.9552064,1002.7452,0,0
11.88,-0.28246173,5.453168,7.775299,1002.77545,0,0
11.92,-0.4545263,5.219606,8.490194,1002.7803,0,0
11.96,-0.4736414000000001,5.1719403,8.300818,1002.78033,0,0
12.0,-0.34457412,5.3387694,8.272414,1002.78284,0,0
12.04,-0.41626284,5.2625046,8.168258,1002.7876,0,0
12.08,-0.44015765,5.252971,8.106711,1002.7704,0,0
12.12,-0.40190256,5.262504,8.305557,1002.7672,0,0
12.16,-0.33498114,5.3101697,8.163526,1002.7699,0,0
12.2,-0.3206292,5.310169,8.324496,1002.7901,0,0
12.24,-0.3206292,5.310169,8.324496,1002.7876,0,0
12.28,-0.4257724,5.181472,8.244013,1002.76215,0,0
12.32,-0.3588468,5.286336,7.865261599999997,1002.7722,0,0
12.36,-0.37281382,5.3625917,8.35294,1002.7671,0,0
12.4,-0.45881608,5.262493,8.37188,1002.7495,0,0
12.44,-0.36319724,5.272026,8.163568,1002.7644,0,0
12.48,-0.41575223,5.272025599999999,8.097288,1002.762,0,0
12.52,-0.40618125,5.3006244,8.139899,1002.77466,0,0
12.56,-0.49219486,5.219592,8.177776,1002.78217,0,0
12.6,-0.50172025,5.2434244,8.2535305,1002.7468,0,0
12.64,-0.44435123,5.2052913,8.168312,1002.78217,0,0
12.68,-0.4204408,5.224357,7.95053,1002.7794,0,0
12.72,-0.34392974,5.248189,8.064159,1002.7768,0,0
12.76,-0.33912712,5.2434224999999985,8.291412,1002.7696,0,0
12.8,-0.43946874,5.272021,8.239336999999999,1002.79224,0,0
12.84,-0.45379674,5.186222,8.173058000000001,1002.7516,0,0
12.88,-0.49202377,5.1671557,8.324558,1002.7743,0,0
12.92,-0.34381568,5.24342,8.225139,1002.7414,0,0
12.96,-0.37725145,5.20052,8.329298,1002.7515,0,0
13.0,-0.29598343,5.190987000000002,7.9552817,1002.75385,0,0
13.04,-0.037851196,5.400715,8.040503,1002.7665,0,0
13.08,-0.33895603,5.138553599999999,7.870066,1002.78406,0,0
13.12,-0.41063026,5.033689,8.324571,1002.7842,0,0
13.16,-0.3771488,5.124253,8.423996,1002.76404,0,0
13.2,-0.42491266,5.238649400000001,8.272497999999999,1002.7713,0,0
13.24,-0.40100223,5.2624817,8.125732000000001,1002.764,0,0
13.28,-0.42965817,5.2148156,8.566034,1002.7864,0,0
13.32,-0.45353445,5.119484,8.324581,1002.77856,0,0
13.36,-0.29680318,5.138575,8.149317,1002.75854,0,0
13.4,-0.36372933,5.0670767,8.106707,1002.77356,0,0
13.44,-0.34940767,5.124276,8.120908,1002.7485,0,0
13.48,-0.36377376,5.152876,8.163515,1002.7658,0,0
13.52,-0.40680087,5.0337124000000015,8.589611,1002.7736,0,0
13.56,-0.51675415,5.0527787,8.575406,1002.7583,0,0
13.6,-0.3542586,5.2434416,8.196651,1002.7711,0,0
13.64,-0.4498813,5.0670795,8.187180999999999,1002.7885,0,0
13.68,-0.23480792,5.2005434,8.736369999999999,1002.7785,0,0
13.72,-0.47859567,5.038481,8.329209,1002.78076,0,0
13.76,-0.4833844,4.962216400000001,8.409695,1002.78076,0,0
13.8,-0.4260534000000001,4.9765167,8.348145,1002.7759,0,0
13.84,-0.4260534000000001,4.9765167,8.348145,1002.748,0,0
13.88,-0.42608005,4.966984,8.3055315,1002.7632,0,0
13.92,-0.3591717,4.995584,8.44283,1002.7707,0,0
13.96,-0.3926569,5.009884400000002,8.471233,1002.78076,0,0
14.0,-0.40223432,5.133815,8.348137,1002.7531,0,0
14.04,-0.2875368,5.2148466,8.423886,1002.78827,0,0
14.08,-0.37358212,5.114749400000001,8.797903,1002.7755,0,0
14.12,-0.564792,4.7715573,8.371804,1002.78326,0,0
14.16,-0.27325067,5.038486,8.296051,1002.7931,0,0
14.2,-0.34974533,4.900256,8.182425,1002.7755,0,0
14.24,-0.3832217,4.9240894,8.395472,1002.77026,0,0
14.28,-0.43580845,4.9526887,8.329188,1002.7981,0,0
14.32,-0.36891785,5.014654599999999,8.570641,1002.7831,0,0
14.36,-0.33890045,5.067054,8.348246000000001,1002.80566,0,0
14.4,-0.22416745,5.1623845,8.324575,1002.77264,0,0
14.44,-0.35798420000000003,5.047987,8.457141,1002.79535,0,0
14.48,-0.47740826,4.9812536,8.177817,1002.7978,0,0
14.52,-0.4630156,4.92882,8.371933,1002.79034,0,0
14.56,-0.458218,4.9383526,8.135214999999999,1002.81036,0,0
14.6,-0.42474163,4.9335856,8.310389,1002.7876,0,0
14.64,-0.27651447,4.9192843,8.433489,1002.7952,0,0
14.68,-0.21912126,5.0527472,8.424023,1002.7951,0,0
14.72,-0.30512226,4.9240494,8.381416,1002.7948,0,0
14.76,-0.35288477,4.8382505999999985,8.102089999999999,1002.76733,0,0
14.8,-0.6539768,4.986013,7.832232,1002.7874,0,0
14.84,-0.54400593,4.8382487,8.338817,1002.76465,0,0
14.88,-0.5152915,4.790582,9.157872,1002.77216,0,0
14.92,-0.31928408,4.966943700000002,8.656028,1002.75183,0,0
14.96,-0.2905875,4.871612,8.476122,1002.7747,0,0
15.0,-0.18537854,4.9860086,8.177859,1002.7747,0,0
15.04,-0.27617708,4.952642,8.258346000000001,1002.8022,0,0
15.08,-0.52947116,4.676181,8.665509,1002.79205,0,0
15.12,-0.47685784,4.8573093,8.414587,1002.81226,0,0
15.16,-0.4911617,4.747678,8.992189,1002.77167,0,0
15.2,-0.67753863,4.5856137000000015,8.362516000000001,1002.7694,0,0
15.24,-0.49587047,4.85254,8.068986,1002.7769,0,0
15.28,-0.42413798,4.804874,8.4524765,1002.7694,0,0
15.32,-0.49101967,4.7000084000000015,8.750747,1002.7845,0,0
15.36,-0.28121957,4.9621816,8.551855,1002.7694,0,0
15.4,-0.27642584,4.9097495,8.499778,1002.7817,0,0
15.44,-0.50584245,4.7858186,8.466639,1002.7794,0,0
15.48,-0.46281725,4.785818,8.267794,1002.7895,0,0
15.52,-0.42934465,4.800118,8.461905999999999,1002.78424,0,0
15.56,-0.45322278,4.8287168,8.229922,1002.7743,0,0
15.6,-0.48189467,4.866849,8.310407000000001,1002.79144,0,0
15.64,-0.40061706,4.8763814000000005,8.495051,1002.7816,0,0
15.68,-0.35758490000000004,4.8477817000000005,8.452442999999999,1002.7839,0,0
15.72,-0.429268,4.7429169999999985,8.504522,1002.79913,0,0
15.76,-0.45793986,4.738150599999999,8.371960000000001,1002.8092,0,0
15.8,-0.23805499,4.9669447,8.409837,1002.77136,0,0
15.84,-0.32407746,5.047976,8.286743,1002.79395,0,0
15.88,-0.38620794,5.0956410000000005,8.414572999999999,1002.7836,0,0
15.92,-0.50090235,4.6904835999999985,8.3909025,1002.7912,0,0
15.96,-0.6251633000000001,4.6666503,8.476123,1002.794,0,0
16.0,-0.4243976,4.828713,8.409842999999999,1002.7736,0,0
16.04,-0.29532897,4.9431105,8.514000999999999,1002.7887,0,0
16.08,-0.3813445,4.885911,8.348299,1002.7711,0,0
16.12,-0.2092576,4.9478754999999985,8.343566000000001,1002.78357,0,0
16.16,-0.35741764,4.933575599999998,8.173129,1002.7505,0,0
16.2,-0.3287318,5.062272,8.012159,1002.79364,0,0
16.24,-0.44820598,4.776279,8.651306,1002.77856,0,0
16.28,-0.26655948,5.0003066,8.5234785,1002.7962,0,0
16.32,-0.26655948,5.0003066,8.5234785,1002.76556,0,0
16.36,-0.4526307,4.938332599999999,8.286789,1002.78326,0,0
16.4,-0.4908425,4.833468,8.30573,1002.78076,0,0
16.44,-0.54817355,4.8048677,8.409888,1002.80347,0,0
16.48,-0.42865175,4.823933599999998,8.419360000000001,1002.79083,0,0
16.52,-0.35694143,4.8572989999999985,8.528253,1002.78076,0,0
16.56,-0.27086496,4.981228400000001,8.291536,1002.76825,0,0
16.6,-0.2851911,5.057493,8.3341465,1002.78296,0,0
16.64,-0.5289210999999999,4.833464,8.5803385,1002.76025,0,0
16.68,-0.5432473000000001,4.809631,8.802856,1002.7979,0,0
16.72,-0.4428447,4.9430943,8.272607,1002.7501,0,0
16.76,-0.485823,4.733364599999999,8.594549,1002.7702,0,0
16.8,-0.41411263,4.76673,8.665567,1002.76526,0,0
16.84,-0.24201308,4.8954263,8.315224,1002.7679,0,0
16.88,-0.34234896,4.8668260000000005,8.523541,1002.79047,0,0
16.92,-0.38535386,4.847759,8.376776,1002.76746,0,0
16.96,-0.45699766,4.8858905,8.433593,1002.77,0,0
17.0,-0.45699766,4.8858905,8.433593,1002.7675,0,0
17.04,-0.42349914,4.8239245,8.419394,1002.7926,0,0
17.08,-0.42349914,4.8239245,8.419394,1002.7775,0,0
17.12,-0.4664774,4.761958,8.575633,1002.7597,0,0
17.16,-0.3087172,4.904954,8.381526,1002.7697,0,0
17.2,-0.27045214,4.9287863,8.604044,1002.76483,0,0
17.24,-0.40903983,4.8048553,8.319983,1002.7773,0,0
17.28,-0.51416886,4.781021599999999,8.263172,1002.7847,0,0
17.32,-0.43349683,4.7905690000000005,8.414619,1002.76465,0,0
17.36,-0.25664222,4.900199400000001,8.6466055,1002.78955,0,0
17.4,-0.25664222,4.900199400000001,8.6466055,1002.7722,0,0
17.44,-0.30921876,4.938332,8.277322999999999,1002.7695,0,0
17.48,-0.4908494000000001,4.695238,8.504572999999999,1002.7797,0,0
17.52,-0.4908494000000001,4.695238,8.504572999999999,1002.7542,0,0
17.56,-0.22795773,4.876367,8.556652,1002.7821,0,0
17.6,-0.3378919,4.862067,8.485636999999999,1002.7264,0,0
17.64,-0.24707434,4.962165,8.54245,1002.757,0,0
17.68,-0.24707434,4.962165,8.54245,1002.7618,0,0
17.72,-0.44304442,4.638039,8.651341,1002.74146,0,0
17.76,-0.31876823,4.914499299999999,8.277324,1002.79224,0,0
17.8,-0.38090444,4.8477674,8.348339,1002.7641,0,0
17.84,-0.42392206,4.7238370000000005,8.712888000000001,1002.7412,0,0
17.88,-0.32832402,4.814401,8.480903,1002.7538,0,0
17.92,-0.28052476,4.8715997,8.291527,1002.77655,0,0
17.96,-0.32832217,4.785802,8.319933,1002.76886,0,0
18.0,-0.3378805,4.852534,8.438293,1002.75354,0,0
18.04,-0.20882455,4.9430985,8.490372,1002.77875,0,0
18.08,-0.4000154,4.8191676,8.504575,1002.77875,0,0
18.12,-0.21360117,4.947865,8.381480999999999,1002.7612,0,0
18.16,-0.29963705,4.804868,8.4524975,1002.76135,0,0
18.2,-0.22793804,4.900199,8.338872,1002.7688,0,0
18.24,-0.3091934,4.852534,8.310464999999999,1002.77124,0,0
18.28,-0.3091934,4.852534,8.310464999999999,1002.7585,0,0
18.32,-0.27095306,4.9192657,8.528248,1002.77893,0,0
18.36,-0.16550435,4.881126,8.551947,1002.7863,0,0
18.4,-0.12725955,4.862059,8.348369,1002.756,0,0
18.44,-0.33755827,4.676163,8.457261,1002.7887,0,0
18.48,-0.27062833,4.8763585,7.998025,1002.7811,0,0
18.52,-0.23715076,4.862058,8.651375,1002.7758,0,0
18.56,-0.2562636,4.8811245,8.641905,1002.76324,0,0
18.6,-0.21323268,4.9716887000000005,8.509344,1002.7783,0,0
18.64,-0.26579785,4.876357,8.310499,1002.7531,0,0
18.68,-0.26578520000000005,4.790559,8.490408,1002.7682,0,0
18.72,-0.21318832,4.933555,8.324705,1002.7506,0,0
18.76,-0.22273527,4.84299,8.291566,1002.79083,0,0
18.8,-0.29441965,4.96692,8.400457000000001,1002.748,0,0
18.84,-0.40912226,4.800091,8.4525385,1002.7783,0,0
18.88,-0.34697209999999995,4.7762575,8.64665,1002.76044,0,0
18.92,-0.31350714,4.842989,8.618245,1002.7631,0,0
18.96,-0.30394125,4.842989,8.504619,1002.7732,0,0
19.0,-0.27524972,4.862055000000002,8.248961999999999,1002.76556,0,0
19.04,-0.22265919,4.9573855,8.476215,1002.76013,0,0
19.08,-0.34214163,4.766723000000002,8.357856,1002.7806,0,0
19.12,-0.3182299000000001,4.862054,8.660859,1002.77277,0,0
19.16,-0.22740097,4.924019,8.433608,1002.76526,0,0
19.2,-0.3516632,4.771488,8.381532,1002.76013,0,0
19.24,-0.29428652,4.857286,8.495158,1002.76013,0,0
19.28,-0.3038398,4.781021,8.315252000000001,1002.76495,0,0
19.32,-0.24535045,4.9049244000000005,8.353231,1002.77234,0,0
19.36,-0.24535045,4.9049244000000005,8.353231,1002.7599,0,0
19.4,-0.43167716,4.6999598,8.69885,1002.79285,0,0
19.44,-0.41730925,4.7094927,8.485805000000001,1002.7623,0,0
19.48,-0.3073166,4.7571564,8.272762,1002.7951,0,0
19.52,-0.34066108,4.852485,8.6515255,1002.76483,0,0
19.56,-0.34066108,4.852485,8.6515255,1002.775,0,0
19.6,-0.26412709999999995,4.938281,8.509497999999999,1002.77765,0,0
19.64,-0.39790452,4.742851,8.263314,1002.7674,0,0
19.68,-0.45039672,4.747616000000002,8.504776,1002.76483,0,0
19.72,-0.40254155,4.7476144,8.523719999999999,1002.7545,0,0
19.76,-0.39773318,4.780979,8.414829,1002.762,0,0
19.8,-0.32600757,4.876310299999999,8.367488999999999,1002.7774,0,0
19.84,-0.24941649,4.8238754,8.580547,1002.7595,0,0
19.88,-0.43099192,4.804807,8.315425999999999,1002.76483,0,0
19.92,-0.4882925,4.604611,8.689449,1002.78217,0,0
19.96,-0.4882925,4.604611,8.689449,1002.7671,0,0
20.0,-0.25874767,4.852469,8.571099,1002.7846,0,0
20.04,-0.37818566,4.719003,8.481152,1002.77716,0,0
20.08,-0.29690048,4.8477,8.310715,1002.767,0,0
20.12,-0.29684338,4.842932,8.594783999999999,1002.7618,0,0
20.16,-0.35414392,4.766666000000002,8.575853,1002.7618,0,0
20.2,-0.3875454,4.7761974,8.623201,1002.7593,0,0
20.24,-0.36358932,4.790496,8.419627,1002.74396,0,0
20.28,-0.3587524,4.718996,8.320211,1002.7517,0,0
20.32,-0.35872385,4.709462,8.414900999999999,1002.7767,0,0
20.36,-0.37445498,4.795294,8.44318,1002.76904,0,0
20.4,-0.39835462,4.7285624,8.471586,1002.76404,0,0
20.44,-0.29798007,4.8763260000000015,8.424242,1002.78925,0,0
20.48,-0.427036,4.795294,8.575744,1002.77936,0,0
20.52,-0.27408418,4.8095937000000015,8.646759,1002.76135,0,0
20.56,-0.20238836,4.890626,8.253802,1002.7615,0,0
20.6,-0.22150825,4.890626,8.414772,1002.7666,0,0
20.64,-0.4318215,4.8048277000000015,8.443178999999999,1002.76654,0,0
20.68,-0.49396086,4.714263,8.438445,1002.7512,0,0
20.72,-0.4270442,4.8095940000000015,8.381632000000002,1002.7613,0,0
20.76,-0.33622864,4.8572598,8.5331335,1002.7663,0,0
20.8,-0.3314507,4.776228400000001,8.471586,1002.7487,0,0
20.84,-0.3314507,4.776228400000001,8.471586,1002.7688,0,0
20.88,-0.38881153,4.814361,8.571007,1002.7587,0,0
20.92,-0.32667536,4.766695,8.481053,1002.7738,0,0
20.96,-0.3696942,4.8191276,8.443178,1002.74054,0,0
21.0,-0.4413919,4.866793,8.400568,1002.81177,0,0
21.04,-0.42227337,4.847727,8.372162,1002.7559,0,0
21.08,-0.31711954,4.8095946,8.571007,1002.73303,0,0
21.12,-0.3505788,4.790528299999999,8.462114999999999,1002.7584,0,0
21.16,-0.25498527,4.962124299999998,8.159113,1002.7432,0,0
21.2,-0.24542624,4.976424,8.291677,1002.72797,0,0
21.24,-0.38882232,4.738096700000002,8.499989999999999,1002.7406,0,0
21.28,-0.23586987,4.9525914,8.547335,1002.73285,0,0
21.32,-0.15439512,4.9716525,8.4952755,1002.7581,0,0
21.36,-0.3599191,4.8572545,8.428995,1002.74554,0,0
21.4,-0.3073336,4.91922,8.201744,1002.74554,0,0
21.44,-0.3599077,4.8906207,8.201744,1002.7505,0,0
21.48,-0.31688178,4.876321,8.372183999999999,1002.74756,0,0
21.52,-0.47938755,4.723790599999999,8.784078,1002.7325,0,0
21.56,-0.35032523,4.9764175,8.37692,1002.74536,0,0
21.6,-0.28818396,4.9525847,8.301169,1002.7124,0,0
21.64,-0.2881764,4.8238883,8.566297,1002.763,0,0
21.68,-0.3503024,4.881086,8.429001,1002.74255,0,0
21.72,-0.2594823,4.976417,8.3437805,1002.74536,0,0
21.76,-0.49846107,4.7762218,8.670456,1002.7501,0,0
21.8,-0.4267564,4.790521,8.381658999999999,1002.7652,0,0
21.84,-0.417193,4.800054,8.490549,1002.74994,0,0
21.88,-0.3311489,4.81912,8.433738,1002.7449,0,0
21.92,-0.2881231,4.8715519999999986,8.547364,1002.7195,0,0
21.96,-0.202079,4.9668827,8.192285,1002.74,0,0
22.0,-0.32156265,4.8238864,8.343786,1002.74976,0,0
22.04,-0.3502377,4.8858510000000015,8.263302000000001,1002.7446,0,0
22.08,-0.35023390000000004,4.9049177,8.343786,1002.722,0,0
22.12,-0.29764086,4.9144497000000005,8.542634,1002.727,0,0
22.16,-0.44581094,4.8000526,8.126006,1002.71674,0,0
22.2,-0.46013895,4.7714524,8.040788000000001,1002.7397,0,0
22.24,-0.4410159000000001,4.709488,8.253836999999999,1002.73456,0,0
22.28,-0.40754968,4.771452,8.940325,1002.73456,0,0
22.32,-0.43634063,4.733323,8.585236,1002.72675,0,0
22.36,-0.43155953,4.752389,8.414797,1002.7471,0,0
22.4,-0.4841362,4.728556,8.410063000000001,1002.73956,0,0
22.44,-0.33595845,4.857253,8.376922,1002.73694,0,0
22.48,-0.43633175,4.785755,8.646783000000001,1002.7343,0,0
22.52,-0.49846792,4.804821,8.433736,1002.7393,0,0
22.56,-0.4984641,4.6427584,8.850363,1002.7544,0,0
22.6,-0.6083983000000001,4.5331273,8.821957000000003,1002.74445,0,0
22.64,-0.3980832,4.890619,8.504750999999999,1002.7241,0,0
22.68,-0.3646233,4.8477197,8.386393,1002.757,0,0
22.72,-0.5558128999999999,4.637991,8.717801,1002.7367,0,0
22.76,-0.52713287,4.6761236,8.575769000000001,1002.7241,0,0
22.8,-0.307258,4.757155,8.52369,1002.7417,0,0
22.84,-0.42675057,4.790521,8.741474,1002.7442,0,0
22.88,-0.53668356,4.728555,8.395863,1002.7265,0,0
22.92,-0.40284654,4.7523885,8.542629,1002.73895,0,0
22.96,-0.3741664,4.738089,8.660989,1002.72156,0,0
23.0,-0.37416255,4.7619214,8.50002,1002.7442,0,0
23.04,-0.36938152,4.800053599999999,8.471614,1002.749,0,0
23.08,-0.33591783,4.909684,8.50002,1002.7566,0,0
23.12,-0.33591783,4.909684,8.50002,1002.759,0,0
23.16,-0.47930944,4.733322,8.348519,1002.7414,0,0
23.2,-0.41716817,4.919217,8.282238000000001,1002.73364,0,0
23.24,-0.6083565,4.5569587,8.656255999999999,1002.7339,0,0
23.28,-0.44584063,4.7714534,8.159144,1002.7213,0,0
23.32,-0.2879776,4.862015,8.727285,1002.73846,0,0
23.36,-0.22583637,4.919214,8.821973,1002.7361,0,0
23.4,-0.26406714,5.105109,8.3201275,1002.72845,0,0
23.44,-0.32142097,5.0860434,8.064469,1002.7283,0,0
23.48,-0.7085775,4.5426555,8.277517999999999,1002.7209,0,0
23.52,-0.67989105,4.5807877,8.897725999999997,1002.7411,0,0
23.56,-0.50303066,4.7571497,8.798305000000003,1002.7235,0,0
23.6,-0.50780284,4.7857494,8.509506,1002.7382,0,0
23.64,-0.50779146,4.661818,8.348537,1002.74835,0,0
23.68,-0.3691733,4.7905154,8.277522,1002.7482,0,0
23.72,-0.43129933,4.8191147,8.627869,1002.73816,0,0
23.76,-0.52210796,4.7333164000000005,8.282258,1002.74585,0,0
23.8,-0.4408437,4.86678,8.888263,1002.73065,0,0
23.84,-0.4456197,4.819114,8.902467,1002.73816,0,0
23.88,-0.18749885,4.847713,8.438496,1002.72546,0,0
23.92,-0.18749505,4.943044,8.490574,1002.75073,0,0
23.96,-0.32610556,4.785748,8.514247,1002.73816,0,0
24.0,-0.39301142,4.714249,8.37695,1002.7305,0,0
24.04,-0.4790403,4.6761165,8.6420765,1002.73553,0,0
24.08,-0.36910096,4.7809800000000005,8.476374,1002.7456,0,0
24.12,-0.3021723,4.833412,8.566328,1002.74054,0,0
24.16,-0.40731657,4.747614,8.566329,1002.7557,0,0
24.2,-0.40731657,4.747614,8.566329,1002.7074,0,0
24.24,-0.32605225,4.890610700000001,8.481111,1002.74817,0,0
24.28,-0.37383884,4.795279,8.585269,1002.73303,0,0
24.32,-0.37861103,4.795279,8.466909,1002.71545,0,0
24.36,-0.3736699,4.7476096,8.556877,1002.7353,0,0
24.4,-0.16333766,4.876306,8.490597,1002.74304,0,0
24.44,-0.15377109,4.895372,8.4479885,1002.7428,0,0
24.48,-0.254133,4.895371400000001,8.424318,1002.72754,0,0
24.52,-0.254126,4.8763055999999985,8.367506,1002.7526,0,0
24.56,-0.30668294,4.738075,8.585289999999999,1002.7451,0,0
24.6,-0.29710943,4.8191055999999985,8.466931,1002.7476,0,0
24.64,-0.21582489,4.776206,8.414855000000001,1002.7325,0,0
24.68,-0.17279273,4.8810699999999985,8.381717,1002.7224,0,0
24.72,-0.17279273,4.8810699999999985,8.381717,1002.72504,0,0
24.76,-0.10107476,4.876303,8.433797,1002.73254,0,0
24.8,-0.20621648,4.881069,8.632643,1002.70465,0,0
24.84,-0.23488837,4.885835,8.476408000000001,1002.7626,0,0
24.88,-0.23965424,4.7809706,8.424331,1002.7248,0,0
24.92,-0.19661504,4.8095694,8.395926,1002.7323,0,0
24.96,-0.09144545,4.914433,8.376989,1002.75244,0,0
25.0,-0.19658718,4.9239664,8.462211,1002.7248,0,0
25.04,-0.24915107,4.871534,8.339118,1002.745,0,0
25.08,-0.2539239,4.852468,8.419603,1002.7674,0,0
25.12,-0.24435036,4.8763003,8.556902000000001,1002.7196,0,0
25.16,-0.23955666,4.8477,8.348589,1002.7224,0,0
25.2,-0.2108569,4.9048986,8.225496000000001,1002.7118,0,0
25.24,-0.24908137,4.8000345,8.642125,1002.7345,0,0
25.28,-0.27775323,4.8191,8.519031,1002.732,0,0
25.32,-0.14390479999999994,4.9430304000000005,8.566377000000001,1002.71436,0,0
25.36,-0.20484354,4.9334674000000005,8.396049,1002.7043,0,0
25.4,-0.25739157,4.9001007,8.637506,1002.74194,0,0
25.44,-0.30038002,4.7857027,8.632774000000001,1002.727,0,0
25.48,-0.23818299,4.766635,8.339247,1002.72943,0,0
25.52,-0.1951051,4.847665,8.268236,1002.72943,0,0
25.56,-0.15199745,4.957294,8.438683000000001,1002.7141,0,0
25.6,-0.2093253,4.8476620000000015,8.661202000000001,1002.7191,0,0
25.64,-0.16146763,4.8476605,8.7369585,1002.7671,0,0
25.68,-0.123139754,4.895324,8.230386,1002.7491,0,0
25.72,-0.09918116,4.909622,8.462377,1002.71655,0,0
25.76,-0.16600901,4.919153700000002,8.3061495,1002.7492,0,0
25.8,-0.19465801,4.88102,8.396106,1002.74176,0,0
25.84,-0.18506858,4.833354,8.528671000000001,1002.72156,0,0
25.88,-0.22324742,4.8762517,8.566552,1002.7291,0,0
25.92,-0.21359837,4.809517400000002,8.490809,1002.7316,0,0
25.96,-0.28048584,4.6665196,8.500281,1002.73663,0,0
26.0,-0.050965805,4.8762465,8.424539999999999,1002.71405,0,0
26.04,-0.0461562,4.9906425,8.353525999999999,1002.77185,0,0
26.08,-0.14647248,5.0430730000000015,8.301453,1002.7567,0,0
26.12,-0.30892617,4.8238106,8.3345995,1002.7517,0,0
26.16,-0.39012328,4.738011,8.590262,1002.7513,0,0
26.2,-0.17972244,4.9000716,8.358285,1002.76184,0,0
26.24,-0.19878203,4.8524046,8.637621000000001,1002.7442,0,0
26.28,-0.2704493,4.799971599999999,8.571341499999999,1002.739,0,0
26.32,-0.21503724,4.8333855,8.287099000000001,1002.71356,0,0
26.36,-0.15769099,4.8810515,8.509615,1002.76416,0,0
26.4,-0.2246425,4.9287176,8.433861,1002.7413,0,0
26.44,-0.3011308,4.7857213,8.717924,1002.73627,0,0
26.48,-0.25336692,4.800022,8.358107,1002.7438,0,0
26.52,-0.24381876,4.8190885,8.599561,1002.7388,0,0
26.56,-0.1100071,4.9668519999999985,8.358103999999999,1002.7588,0,0
26.6,-0.071780115,5.014518,8.320227000000001,1002.7263,0,0
26.64,-0.36816213,4.752358,8.329692999999999,1002.75385,0,0
26.68,-0.42553118,4.728525599999998,8.329692,1002.7284,0,0
26.72,-0.32039836,4.8047915,8.604285,1002.7613,0,0
26.76,-0.2104857,4.8762903,8.476455,1002.74347,0,0
26.8,-0.22484794,4.8858237,8.504858,1002.75854,0,0
26.84,-0.3395975,4.785727,8.419636,1002.73596,0,0
26.88,-0.23445326,4.785727,8.102428999999999,1002.766,0,0
26.92,-0.29183373,4.83816,8.590072,1002.7133,0,0
26.96,-0.31099856,4.7666626,8.609003999999999,1002.7736,0,0
27.0,-0.31099856,4.7666626,8.609003999999999,1002.73083,0,0
27.04,-0.31580117,4.7571297,8.4811735,1002.7535,0,0
27.08,-0.29670486,4.828629,8.377015,1002.72327,0,0
27.12,-0.28717947,4.804796700000002,8.736825999999999,1002.73083,0,0
27.16,-0.3684475,4.723766,8.736825,1002.74335,0,0
27.2,-0.22507627,4.8858294,8.28232,1002.73834,0,0
27.24,-0.31591535,4.7047005,8.732087,1002.7382,0,0
27.28,-0.21556233,4.776199299999999,8.358067,1002.7484,0,0
27.32,-0.22992459,4.828633,8.566378,1002.728,0,0
27.36,-0.20965078,4.8333707000000015,8.429188,1002.7381,0,0
27.4,-0.27175206,4.8333697,8.414986,1002.72534,0,0
27.44,-0.2143703,4.8953347,8.339238,1002.73834,0,0
27.48,-0.41031817,4.60934,8.590164,1002.7202,0,0
27.52,-0.42942527,4.561674,8.646978,1002.74054,0,0
27.56,-0.17129178,4.9000993,8.448134,1002.7431,0,0
27.6,-0.2190657,4.780935,8.642248,1002.7456,0,0
27.64,-0.23816079,4.8714986,8.381858,1002.73785,0,0
27.68,-0.31939334,4.7618675,8.5428295,1002.74036,0,0
27.72,-0.30023795,4.7428,8.542833,1002.7605,0,0
27.76,-0.30023795,4.7428,8.542833,1002.7178,0,0
27.8,-0.31455323,4.676068,8.533367,1002.7479,0,0
27.84,-0.30495745,4.785698,8.656464999999999,1002.7253,0,0
27.88,-0.12809265,4.9429940000000006,8.325057000000001,1002.7328,0,0
27.92,-0.29534963,4.6951323,8.651734,1002.7554,0,0
27.96,-0.25231928,4.7189646,8.542845,1002.74786,0,0
28.0,-0.2714144,4.838128599999999,8.419752,1002.7401,0,0
28.04,-0.2188125,4.842893599999999,8.637537,1002.7428,0,0
28.08,-0.27613395,4.642698,8.495508000000001,1002.7428,0,0
28.12,-0.26177037,4.7189617,8.670683,1002.7551,0,0
28.16,-0.18048961,4.8428917,8.258792,1002.77026,0,0
28.2,-0.1278997,4.8953238,8.410295,1002.7554,0,0
28.24,-0.14219089999999998,4.8333572999999985,8.486049000000001,1002.77795,0,0
28.28,-0.23776287,4.7666245,8.637553,1002.7273,0,0
28.32,-0.23776287,4.7666245,8.637553,1002.7476,0,0
28.36,-0.22814795,4.7904563,8.547604,1002.74,0,0
28.4,-0.25680137,4.7570896,8.462386,1002.71216,0,0
28.44,-0.23765688,4.7523227,8.523936,1002.72723,0,0
28.48,-0.26632297,4.72849,8.386639,1002.7499,0,0
28.52,-0.15156962,4.83812,8.519206,1002.74994,0,0
28.56,-0.13720484,4.876251,8.372441,1002.7272,0,0
28.6,-0.21843617,4.699888,8.661242999999999,1002.74994,0,0
28.64,-0.24230978,4.7475533,8.396119,1002.76263,0,0
28.68,-0.18492678,4.8667164000000005,8.585498,1002.7222,0,0
28.72,-0.23269947,4.7904506,8.362983,1002.7523,0,0
28.76,-0.28047213,4.766617,8.5713,1002.7473,0,0
28.8,-0.19919011,4.819048400000002,8.254096,1002.72675,0,0
28.84,-0.20394453,4.795215,8.755946,1002.7549,0,0
28.88,-0.20391917,4.8714795,8.230428999999999,1002.7524,0,0
28.92,-0.42376477,4.5759525000000005,8.566574000000001,1002.75214,0,0
28.96,-0.13695121,4.900078,8.4529505,1002.73706,0,0
29.0,-0.17994404,4.847645,8.329858,1002.75464,0,0
29.04,-0.11778123,4.8571773,8.869583,1002.7368,0,0
29.08,-0.19423275,4.8810096,8.500301,1002.7473,0,0
29.12,-0.25635752,4.771378,8.452959,1002.7749,0,0
29.16,-0.22762798,4.7332454,8.348806,1002.7724,0,0
29.2,-0.14634596,4.819042,8.561857,1002.73175,0,0
29.24,-0.19891107,4.819042,8.689687,1002.7647,0,0
29.28,-0.23234437,4.7856760000000005,8.505047,1002.7393,0,0
29.32,-0.22753923,4.714176,8.495581,1002.7671,0,0
29.36,-0.14266874,4.890568,8.519146000000001,1002.7594,0,0
29.4,-0.13313065,4.8238363,8.315565,1002.7671,0,0
29.44,-0.061444405,4.8381367,8.405517999999999,1002.7594,0,0
29.48,-0.2574379,4.790471,8.514407,1002.729,0,0
29.52,-0.33395790000000003,4.709441,8.708513,1002.78723,0,0
29.56,-0.28618145,4.8476715,8.5191345,1002.7771,0,0
29.6,-0.27186358,4.8190727,8.282413,1002.74677,0,0
29.64,-0.27186358,4.8190727,8.282413,1002.7542,0,0
29.68,-0.2479969,4.800008,8.306082,1002.777,0,0
29.72,-0.2432494,4.8000083,8.6564245,1002.7746,0,0
29.76,-0.2432494,4.8000083,8.6564245,1002.7718,0,0
29.8,-0.21936122,4.776176,8.495455,1002.7845,0,0
29.84,-0.3149896,4.7332773,8.443374,1002.777,0,0
29.88,-0.21463531,4.8381424000000015,8.467042999999999,1002.75183,0,0
29.92,-0.22422728,4.81431,8.377087,1002.76917,0,0
29.96,-0.2720361,4.7523456,8.561728,1002.7644,0,0
30.0,-0.24816938,4.8000116,8.424425999999999,1002.792,0,0
30.04,-0.17170335,4.88581,8.5096445,1002.79175,0,0
30.08,-0.20519426,4.847678,8.471766,1002.76917,0,0
30.12,-0.24345426,4.8762784,8.296591000000001,1002.739,0,0
30.16,-0.3820794,4.7857137000000005,8.400747,1002.77655,0,0
30.2,-0.42035016,4.7285156,8.561715,1002.75653,0,0
30.24,-0.42035016,4.7285156,8.561715,1002.74646,0,0
30.28,-0.33911508,4.7475830000000006,8.585384,1002.79425,0,0
30.32,-0.36782622,4.828615,8.277646,1002.7716,0,0
30.36,-0.4184385000000001,4.7427683,8.514545,1002.7414,0,0
30.4,-0.48532718,4.6712694,8.680252000000001,1002.79913,0,0
30.44,-0.28926972,4.819031,8.538228,1002.75653,0,0
30.48,-0.29880083,4.8047304,8.509824,1002.77405,0,0
30.52,-0.30830333,4.8428617,8.467219,1002.769,0,0
30.56,-0.33692518,4.747529,8.400943,1002.75397,0,0
30.6,-0.35120758,4.752294,8.410418,1002.7842,0,0
30.64,-0.29376435,4.823791,8.528785000000001,1002.78644,0,0
30.68,-0.32719445,4.8047233,8.34888,1002.7816,0,0
30.72,-0.37009862,4.690323,8.741846,1002.764,0,0
30.76,-0.37009862,4.690323,8.741846,1002.7615,0,0
30.8,-0.28397664,4.776119,8.4861965,1002.77136,0,0
30.84,-0.2934792,4.8380833,8.448326,1002.74396,0,0
30.88,-0.33644038,4.780883,8.595098,1002.77405,0,0
30.92,-0.3842099,4.72845,8.547756,1002.7864,0,0
30.96,-0.41283172,4.714149,8.500418,1002.7941,0,0
31.0,-0.3649766,4.6998477,8.590377,1002.7612,0,0
31.04,-0.28844276,4.776111,8.514631,1002.7891,0,0
31.08,-0.35052317,4.7618103,8.561981,1002.77386,0,0
31.12,-0.20229222,4.7999415,8.211639,1002.79913,0,0
31.16,-0.3312899,4.6998419999999985,8.708758,1002.76874,0,0
31.2,-0.31686494,4.799938,8.3726225,1002.7785,0,0
31.24,-0.38853344,4.733206,8.472049,1002.7836,0,0
31.28,-0.26420155,4.7046046,8.666163000000001,1002.7661,0,0
31.32,-0.24980506,4.728436,8.514667999999999,1002.7686,0,0
31.36,-0.18879022,4.8047285,8.424612,1002.766,0,0
31.4,-0.2365731,4.7236967000000005,8.666068,1002.77875,0,0
31.44,-0.35605806,4.680797599999999,8.599787,1002.79895,0,0
31.48,-0.22699319,4.766595400000001,8.453021000000001,1002.78107,0,0
31.52,-0.17919004,4.7284627,8.557178500000001,1002.7736,0,0
31.56,-0.20307894,4.752294999999998,8.666072,1002.7759,0,0
31.6,-0.22218804,4.699863,8.599791,1002.79095,0,0
31.64,-0.18871413,4.761828,8.471963,1002.7809,0,0
31.68,-0.18392926,4.690329,8.613996,1002.7784,0,0
31.72,-0.1265564,4.876225,8.315729,1002.8036,0,0
31.76,-0.12655132,4.823793,8.699216,1002.7784,0,0
31.8,-0.3607516,4.533032,8.599795,1002.78357,0,0
31.84,-0.2890495,4.661729,8.273121000000002,1002.7658,0,0
31.88,-0.17431895,4.7856593,8.557186999999999,1002.81146,0,0
31.92,-0.13129562,4.819025,8.37728,1002.7938,0,0
31.96,-0.32247257,4.695094,8.453032499999999,1002.77124,0,0
32.0,-0.26509970000000005,4.637894599999999,8.590330999999999,1002.7683,0,0
32.04,-0.2268562,4.685560700000001,8.732364,1002.7984,0,0
32.08,-0.1981672,4.747525,8.528785000000001,1002.7783,0,0
32.12,-0.18859237,4.737992299999998,8.438833,1002.7838,0,0
32.16,-0.15034887,4.737992,8.490911,1002.7758,0,0
32.2,-0.22203581,4.6426606,8.694492,1002.7708,0,0
32.24,-0.22680548,4.7713566,8.263662,1002.7884,0,0
32.28,-0.19334173,4.8237896,8.400960000000001,1002.7888,0,0
32.32,-0.26502362,4.7046247,8.566666,1002.8039,0,0
32.36,-0.15565526,4.852402,8.31569,1002.7633,0,0
32.4,-0.16046043,4.8476360000000005,8.258875999999999,1002.7481,0,0
32.44,-0.24172342,4.804737,8.273078,1002.8034,0,0
32.48,-0.3516653,4.7046394,8.514533,1002.77094,0,0
32.52,-0.4281548,4.5997753,8.471921,1002.773,0,0
32.56,-0.33257776,4.6998739999999986,8.552404,1002.7909,0,0
32.6,-0.29912555,4.680808,8.689702,1002.7834,0,0
32.64,-0.28479877,4.723707,8.566606,1002.78326,0,0
32.68,-0.17010252,4.6903415,8.699167,1002.768,0,0
32.72,-0.22268672,4.6998754,8.684963,1002.79095,0,0
32.76,-0.22269939,4.761841,8.528728,1002.7452,0,0
32.8,-0.37566578,4.6712766,8.50032,1002.773,0,0
32.84,-0.39001158,4.637910400000001,8.443506,1002.7783,0,0
32.88,-0.370905,4.585479,8.585537,1002.773,0,0
32.92,-0.27054185,4.6855764,8.6944275,1002.79047,0,0
32.96,-0.17495848,4.799974400000001,8.599737,1002.7755,0,0
33.0,-0.32792488,4.695111,8.386688000000001,1002.76794,0,0
33.04,-0.37095577,4.6426787,8.675487,1002.768,0,0
33.08,-0.41876653,4.623613,8.523984,1002.778,0,0
33.12,-0.38054076,4.666512,8.367747999999999,1002.80096,0,0
33.16,-0.318416,4.666512,8.81278,1002.80817,0,0
33.2,-0.24673164,4.738011,8.438761999999999,1002.7855,0,0
33.24,-0.29932854,4.599781,8.580791,1002.80096,0,0
33.28,-0.34713292,4.561649,8.727558,1002.7881,0,0
33.32,-0.26111546,4.8619423,8.363007000000001,1002.80817,0,0
33.36,-0.26105842,4.7809095,8.651811,1002.77795,0,0
33.4,-0.3901233,4.5616484,8.732294,1002.7855,0,0
33.44,-0.24195442,4.623614,8.452964999999999,1002.7906,0,0
33.48,-0.14637864,4.771376999999998,8.093148,1002.8106,0,0
33.52,-0.20852625,4.6712804000000006,8.950074,1002.7902,0,0
33.56,-0.35193053,4.6712804000000006,8.519242,1002.76776,0,0
33.6,-0.34716090000000005,4.5330505,8.509772,1002.7876,0,0
33.64,-0.3184871,4.5854826,8.618663,1002.78284,0,0
33.68,-0.19422236,4.661748,8.680209,1002.7651,0,0
33.72,-0.21813154,4.6379150000000005,8.396144,1002.80054,0,0
33.76,-0.14166993,4.7809124,8.637597999999999,1002.78015,0,0
33.8,-0.11777593,4.7666125,8.661269,1002.75494,0,0
33.84,-0.22771655,4.647449,8.831708,1002.775,0,0
33.88,-0.21338727,4.747547,8.386672,1002.77527,0,0
33.92,-0.27076522,4.5282860000000005,8.2257,1002.75244,0,0
33.96,-0.12738122,4.738014700000001,8.760686999999999,1002.8004,0,0
34.0,-0.12738122,4.738014700000001,8.760686999999999,1002.79535,0,0
34.04,-0.14173079,4.642684,8.708609,1002.77765,0,0
34.08,-0.27080074,4.709416,8.462418,1002.7926,0,0
34.12,-0.27558562,4.738015,8.391401,1002.7927,0,0
34.16,-0.06528439,4.8190465,8.665996,1002.7775,0,0
34.2,-0.17045029,4.728482700000002,8.557103,1002.78015,0,0
34.24,-0.38077176,4.509221,8.457681,1002.7876,0,0
34.28,-0.122672476,4.771382,8.424539,1002.78265,0,0
34.32,-0.26607677,4.637919,8.689664,1002.7901,0,0
34.36,-0.10745753,4.81426,8.438822,1002.80023,0,0
34.4,-0.15046306,4.876225,8.3820095,1002.7976,0,0
34.44,-0.27946705,4.623596,8.637672,1002.7977,0,0
34.48,-0.23643613,4.704627,8.708691,1002.7877,0,0
34.52,-0.15516675,4.7332263,8.860192,1002.7927,0,0
34.56,-0.11689025,4.7761239999999985,8.367817,1002.7852,0,0
34.6,-0.11689025,4.7761239999999985,8.367817,1002.7877,0,0
34.64,-0.24589424,4.61406,8.287336,1002.78265,0,0
34.68,-0.20286332,4.642659,8.306275999999999,1002.77246,0,0
34.72,-0.28887448,4.542561,8.689765,1002.7697,0,0
34.76,-0.06896541,4.771354,8.471986,1002.7772,0,0
34.8,-0.17888819,4.752288,8.656628999999999,1002.79456,0,0
34.84,-0.23622051,4.642657,8.538269999999999,1002.7823,0,0
34.88,-0.14536618,4.780885700000002,8.632962,1002.7873,0,0
34.92,-0.08799586400000001,4.819018,8.519337,1002.7998,0,0
34.96,-0.16922715,4.6617207999999986,9.025922,1002.7976,0,0
35.0,-0.7571176,3.9991689,8.642437,1002.7747,0,0
35.04,-0.34602916,4.676019,8.741862,1002.7948,0,0
35.08,-0.39380184,5.1193085,8.131126,1002.80237,0,0
35.12,-0.5562771,4.904813,7.918081799999999,1002.7973,0,0
35.16,-0.5849433,4.71415,8.263694000000001,1002.77747,0,0
35.2,-0.6375084,4.637884,8.490946000000001,1002.77966,0,0
35.24,-0.4892964,4.6378837,8.81289,1002.7822,0,0
35.28,-0.541849,4.714148000000002,8.689797,1002.8152,0,0
35.32,-0.6183005,4.58545,9.021208,1002.8048,0,0
35.36,-0.79542345,4.3709620000000005,9.115871,1002.7898,0,0
35.4,-0.37477273,5.276607,8.405713,1002.7998,0,0
35.44,-0.5755106,4.9191150000000015,7.851789,1002.79205,0,0
35.48,-0.6280815,4.6188216,8.372575,1002.7846,0,0
35.52,-0.71888375,4.4901247,8.5335455,1002.79456,0,0
35.56,-0.22177023,5.1479087,8.703985000000001,1002.82245,0,0
35.6,-0.5467829000000001,4.966779,7.7618399999999985,1002.86475,0,0
35.64,-1.2446204,4.4805903,8.150063000000001,1002.8071,0,0
35.68,-0.52285606,5.305204,8.197408,1002.71674,0,0
35.72,-0.9864831,5.0287433,7.6860933,1002.7719,0,0
35.76,-1.5648183999999998,4.59022,8.102723,1002.8349,0,0
35.8,-0.5228073000000001,5.5768967000000025,7.3736258,1002.8146,0,0
35.84,-1.407057,4.981077,7.383095699999997,1002.6893,0,0
35.88,-1.3688117,4.7379823,7.3925652999999985,1002.7495,0,0
35.92,-0.604029,4.4758215,10.30896,1002.7745,0,0
35.96,-0.4558412,5.1288395,8.16901,1002.74927,0,0
36.0,-0.36023822,5.3052015,7.813931,1002.76166,0,0
36.04,-0.47493955,5.128839,8.533562,1002.7745,0,0
36.08,-0.74259466,4.6426497000000015,8.732408,1002.7668,0,0
36.12,-0.90987384,4.795179,8.150076,1002.7415,0,0
36.16,-0.9767771,4.852378,8.386797999999999,1002.7643,0,0
36.2,-1.0245612,4.73798,8.131143,1002.78925,1,1
36.24,-0.74253887,4.6474147000000015,8.538302,1002.7972,1,1
36.28,-0.2502051,5.009672599999999,8.1264105,1002.79456,1,1
36.32,-0.049439404000000006,5.166969,8.225833999999999,1002.78705,1,1
36.36,-0.23583785,4.7618113,8.561978,1002.7643,1,1
36.4,-0.2453765,4.8619080000000015,8.372603,1002.7743,1,1
36.44,-0.27404836,4.8857408,8.3584,1002.76917,1,1
36.48,0.012753798,5.1431346,8.41995,1002.7718,1,1
36.52,-0.29791954,5.0525699999999985,8.012792999999999,1002.7668,1,1
36.56,-0.4604119,4.847607,8.254249,1002.7719,1,1
36.6,-0.4795242,5.0382695,8.036467,1002.7619,1,1
36.64,-0.47473744,5.2193985000000005,8.206905,1002.77686,1,1
36.68,-0.70893383,5.4434266,8.675613,1002.7769,1,1
36.72,-1.3685328,5.2003309999999985,8.386814999999999,1002.812,1,1
36.76,-1.5453716999999998,5.143132,8.377348,1002.7668,1,1
36.8,-1.4354151000000002,5.6722198,7.0469823000000025,1002.7722,1,1
36.84,-1.5173321000000002,5.91533,6.6160913,1002.81714,1,1
36.88,-1.5794779,5.529239,9.257889,1002.7817,1,1
36.92,-1.8136905,5.309978,9.021168,1002.8403,1,1
36.96,-1.6511815,5.019218,9.575093,1002.8148,1,1
37.0,-1.3452783,4.7999563,8.703961999999999,1002.7821,1,1
37.04,-0.8768618,5.0287514,7.3925314,1002.7769,1,1
37.08,-0.6522153,4.78089,7.307311500000001,1002.7771,1,1
37.12,-0.3797707,5.0192184,7.5061564,1002.80237,1,1
37.16,-0.4275751,4.618828,8.883868,1002.79224,1,1
37.2,-0.4275751,4.618828,8.883868,1002.8023,1,1
37.24,-0.389341,5.023985400000001,8.533522,1002.7972,1,1
37.28,-0.28896940000000004,4.9381866,9.451996,1002.80975,1,1
37.32,0.59050816,5.8724327,8.074284,1002.8074,1,1
37.36,0.7960376,5.1574491999999985,8.808114999999997,1002.8198,1,1
37.4,0.08862016,3.8418796,9.622433,1002.78705,1,1
37.44,0.12685649,3.9705765,9.4804,1002.7772,1,1
37.48,0.21766846,4.399567,8.637675999999999,1002.7697,1,1
37.52,0.49489284,4.8333235,7.326245299999999,1002.7846,1,1
37.56,0.6000441999999999,4.823791,8.415157,1002.8074,1,1
37.6,-0.15516904,3.9372113,9.182132,1002.7873,1,1
37.64,-0.5996951,4.1421730000000005,7.851763,1002.77264,1,1
37.68,-0.35114953,4.780892,7.468275500000002,1002.7521,1,1
37.72,-0.2173193,5.038286,7.4161972999999985,1002.8074,1,1
37.76,-0.17430533,5.1717496,8.2210455,1002.8003,1,1
37.8,-0.42285937,5.1717496,8.348874,1002.8101,1,1
37.84,-0.31294832,5.3814793,9.399909,1002.82275,1,1
37.88,-0.9391078000000002,5.252782,10.242634,1002.81287,1,1
37.92,-1.2975955,5.138385,9.612957000000002,1002.7927,1,1
37.96,-1.8185993000000005,5.0859528,8.116883999999999,1002.7898,1,1
38.0,-1.4744583,3.6273868,10.299444,1002.78015,1,1
38.04,-1.8472908,4.299471,7.9227729999999985,1002.7626,1,1
38.08,-1.9859076,4.776127,7.2883625,1002.79535,1,1
38.12,-1.4027816,4.309005,8.102679,1002.775,1,1
38.16,-1.4027816,4.309005,8.102679,1002.7952,1,1
38.2,-0.7575132,4.0706773,8.438822,1002.8279,1,1
38.24,-1.3454367,3.3890595,8.377274,1002.80304,1,1
38.28,-0.437279,4.056378,7.4966735999999985,1002.80804,1,1
38.32,0.059815485,4.437702,8.168959,1002.7827,1,1
38.36,-0.3177966,4.752294999999998,7.6150327,1002.8105,1,1
38.4,-0.8435775,4.556866599999998,9.068495,1002.823,1,1
38.44,-0.91049993,5.109787,11.454635,1002.82294,1,1
38.48,-0.44208413,5.5244775,10.308908,1002.8079,1,1
38.52,-0.33693105,5.243251,10.607176,1002.82574,1,1
38.56,-0.22222336,3.7751515,9.892278999999998,1002.7753,1,1
38.6,-0.48989743,3.384294,9.433042,1002.793,1,1
38.64,-0.8914035,3.1745656,9.797591,1002.7704,1,1
38.68,-0.5998405,4.065912,7.0753074000000025,1002.76514,1,1
38.72,-1.4936715,4.7522964000000005,6.3840837,1002.7805,1,1
38.76,-1.6275084,4.275641,7.591356299999997,1002.79315,1,1
38.8,-2.1054938,4.4329376,8.973803,1002.7755,1,1
38.84,-1.6316227,5.0525727,7.600886,1002.778,1,1
38.88,-1.3973907,4.6235824,8.561973,1002.7956,1,1
38.92,-0.79989374,5.233701,8.793961,1002.78046,1,1
38.96,-0.96716523,5.99635,7.719252,1002.77545,1,1
39.0,-1.4785827,5.028738,9.314749,1002.783,1,1
39.04,-1.7844794999999998,4.6235805,9.447312,1002.7753,1,1
39.08,-2.4249516,5.3719296,8.083807,1002.7808,1,1
39.12,-0.94797057,6.1631775,8.879188000000003,1002.7931,1,1
39.16,-0.5846946999999999,6.120278400000001,11.852395,1002.77325,1,1
39.2,-1.8991193,4.1850557,8.599861,1002.7758,1,1
39.24,-1.5549409,4.8142405,7.742936999999999,1002.81104,1,1
39.28,-1.339839,4.4043160000000015,8.888664,1002.77045,1,1
39.32,-0.85705733,3.9133604,8.372616,1002.77795,1,1
39.36,-0.42685333,4.165987,8.945481,1002.81854,1,1
39.4,-0.45549983,4.208885,9.068579,1002.7809,1,1
39.44,-0.17345908,4.185052,6.9807086,1002.7632,1,1
39.48,0.1324592,4.513944,7.132210700000001,1002.79095,1,1
39.52,-0.06348043,4.6140404,8.495722,1002.77576,1,1
39.56,-0.06348043,4.6140404,8.495722,1002.79846,1,1
39.6,-0.015660787,5.491087,9.740872,1002.7734,1,1
39.64,0.37153563,5.953442,8.178522000000001,1002.79596,1,1
39.68,0.22816311,3.9705536,8.836607,1002.7809,1,1
39.72,-0.10163258,3.708393,9.134875,1002.7632,1,1
39.76,0.3238131,5.634081,7.2127104000000015,1002.7909,1,1
39.8,0.3238131,5.634081,7.2127104000000015,1002.8089,1,1
39.84,0.19343953,4.914363,8.628177,1002.7884,1,1
39.88,0.0978276,4.838099,8.088453,1002.74603,1,1
39.92,-0.81516254,5.186058,6.758081,1002.7812,1,1
39.96,-0.9824715,5.28139,6.8148923,1002.7884,1,1
40.0,-0.93472093,5.2098927,9.30045,1002.7608,1,1
40.04,-0.98731464,5.2384925,8.405646,1002.76324,1,1
40.08,-0.22737347,6.0249753,8.997442,1002.80096,1,1
40.12,-0.4568199000000001,5.800947,9.669727,1002.7936,1,1
40.16,-1.1499232,5.128864,9.295706,1002.76117,1,1
40.2,-0.76757056,6.0249777,7.4019413,1002.81854,1,1
40.24,-1.3698734,4.2947183,10.190501,1002.77124,1,1
40.28,-1.6471337,4.5950127,6.360365,1002.766,1,1
40.32,-1.632826,5.3624287000000015,7.1746798,1002.75366,1,1
40.36,-1.7236581999999998,5.381495,7.1936164000000025,1002.7835,1,1
40.4,-1.6663163,5.009704599999999,7.0231757,1002.79596,1,1
40.44,-0.7677608,4.6426805999999985,8.329867,1002.7708,1,1
40.48,-0.9589846,3.9086312999999993,9.920625,1002.76624,1,1
40.52,-1.1932268,4.1469607,8.452956,1002.7612,1,1
40.56,-0.6913632,4.6855817,7.4966050000000015,1002.781,1,1
40.6,-0.43331715,4.6140847,9.447173,1002.7887,1,1
40.64,-0.385535,4.695117,9.0920925,1002.7962,1,1
40.68,-0.4907382000000001,5.0669093,8.732272,1002.7785,1,1
40.72,-0.59112996,5.1956067,8.34405,1002.8039,1,1
40.76,-0.7823697,5.019245,9.243583,1002.8067,1,1
40.8,-0.6815859000000001,5.6341214000000015,7.1226068,1002.7915,1,1
40.84,-0.6815859000000001,5.6341214000000015,7.1226068,1002.809,1,1
40.88,0.60894024,4.3900504,11.146848,1002.79895,1,1
40.92,0.9004943000000001,4.537814,8.595003,1002.7764,1,1
40.96,0.23608764,4.947737999999998,7.2883067,1002.77386,1,1
41.0,-0.26580572,5.224199,6.1141725,1002.75604,1,1
41.04,-0.1893428,4.7952085,8.017402,1002.7763,1,1
41.08,-0.5287159,4.394819,9.134721,1002.76373,1,1
41.12,-0.6721309,4.633147,7.671788,1002.7635,1,1
41.16,-0.743835,5.08597,9.0447645,1002.7764,1,1
41.2,0.14518763,6.26331,7.0184374000000025,1002.7964,1,1
41.24,-0.9255023,5.1717687,8.500305,1002.7838,1,1
41.28,-0.26590338,5.6913238,6.928481,1002.7763,1,1
41.32,-0.28502956,5.8915190000000015,7.8942995,1002.7788,1,1
41.36,-0.5957376999999999,5.8200216,8.291986999999999,1002.78894,1,1
41.4,-0.42367172,5.7389903,9.153649,1002.79395,1,1
41.44,-0.8156296999999999,5.0573726,9.347757,1002.78644,1,1
41.48,-1.437018,4.938209,8.074202,1002.764,1,1
41.52,-1.2219409,5.276635,7.420852,1002.8042,1,1
41.56,-1.4705046,4.5711846,8.680203,1002.8067,1,1
41.6,-1.1454918,4.142195,8.997406,1002.7838,1,1
41.64,-0.88260967,4.4424887,9.186783,1002.766,1,1
41.68,-1.3414917,4.542587,7.7664589999999984,1002.8216,1,1
41.72,-1.2028844,4.728482700000002,8.149944,1002.7738,1,1
41.76,-1.135988,4.6951175,8.467148,1002.7962,1,1
41.8,-1.0069404,4.471089,9.011604,1002.7736,1,1
41.84,-0.7581232,4.537814599999999,9.253083,1002.7738,1,1
41.88,-0.4713388,4.5711803,8.08842,1002.7838,1,1
41.92,-0.6720919,4.6998777,8.093153,1002.7813,1,1
41.96,-0.43788394,5.2575650000000005,8.542922,1002.7788,1,1
42.0,-0.8919703999999999,5.033537,8.75597,1002.8291,1,1
42.04,-1.078384,4.7570763,9.167862,1002.8038,1,1
42.08,-1.040148,4.1326575,9.11105,1002.93713,1,1
42.12,-0.60996836,5.34813,7.212553,1002.9296,1,1
42.16,-0.28016440000000004,5.2766314,8.831719999999997,1002.6484,1,1
42.2,-0.5573955,5.167001,8.244653,1002.60315,1,1
42.24,-0.9541218,4.1374245,7.709664999999997,1002.6811,1,1
42.28,-0.27539223,4.776143,8.268324,1002.7489,1,1
42.32,-0.30885208,5.000171,8.438764,1002.75366,1,1
42.36,-0.4379093,5.667489,8.0174,1002.7613,1,1
42.4,-0.51439005,4.571181299999999,8.85539,1002.7888,1,1
42.44,-0.5765286999999999,4.571181299999999,8.552387,1002.74615,1,1
42.48,-0.557412,5.0383043,7.823289,1002.80927,1,1
42.52,-0.31842437,5.200367,8.661278999999999,1002.77905,1,1
42.56,-0.21805106,4.8524084,8.822247500000003,1002.7915,1,1
42.6,-0.6816959,4.7999763,8.026867999999999,1002.75385,1,1
42.64,-0.74383456,4.7189445,8.32987,1002.77136,1,1
42.68,-0.53352565,4.885774,8.55712,1002.7615,0,0
42.72,0.087845,5.271866,8.71809,1002.78894,0,0
42.76,-0.4188168,4.6426805999999985,8.353541,1002.79663,0,0
42.8,-0.4188168,4.6426805999999985,8.353541,1002.76404,0,0
42.84,-0.3710543,4.8428764000000015,8.415084,1002.759,0,0
42.88,-0.33281776,4.85241,8.353538,1002.7892,0,0
42.92,-0.3901792,4.7427790000000005,8.509772,1002.78156,0,0
42.96,-0.05559674,4.9906397,8.20677,1002.76886,0,0
43.0,-0.28981286,4.828577,8.528709,1002.77905,0,0
43.04,-0.41409156,4.7237134,8.471897,1002.78156,0,0
43.08,-0.50490975,4.56165,8.457692999999999,1002.78156,0,0
43.12,-0.017375397,4.962041,8.410349,1002.77637,0,0
43.16,0.025638985,4.9334416,8.481363,1002.7716,0,0
43.2,-0.022162847000000003,4.9334416,7.988985,1002.7766,0,0
43.24,0.082989015,4.89531,8.514503999999999,1002.80164,0,0
43.28,-0.22292414,4.7332473,8.367737,1002.7916,0,0
43.32,-0.36154228,4.995407599999999,7.946375,1002.81726,0,0
43.36,-0.438021,5.1622367,7.193604,1002.7791,0,0
43.4,-0.18469515,5.1145716,8.178359,1002.7644,0,0
43.44,-0.012626035,5.2861676,8.604455999999999,1002.8169,0,0
43.48,-0.34721616,4.585483999999999,9.12524,1002.7594,0,0
43.52,-0.5001717000000001,4.3995886,9.153646,1002.79205,0,0
43.56,-0.3854622,4.661749,8.490828500000001,1002.7845,0,0
43.6,-0.19905171,4.8667110000000005,8.28725,1002.7514,0,0
43.64,-0.404589,4.4615535999999985,8.751221000000001,1002.7644,0,0
43.68,-0.39025152,4.6045504,8.580782000000001,1002.75183,0,0
43.72,-0.21340258,4.7999797,8.306186,1002.792,0,0
43.76,-0.46195805,4.6426835,8.220966,1002.77167,0,0
43.8,-0.56233776,4.652216,8.921658500000003,1002.80707,0,0
43.84,-0.68183476,4.6808157,9.073158,1002.78674,0,0
43.88,-0.8491316999999999,4.7618475,8.476623,1002.78687,0,0
43.92,-0.76309896,4.9668093,8.538171,1002.78424,0,0
43.96,-0.85869896,4.8953114,9.148908,1002.8247,0,0
44.0,-0.5480173,4.8714786,8.495560000000001,1002.73663,0,0
44.04,-0.61971635,4.819046,8.822233,1002.7644,0,0
44.08,-0.67707586,4.7713804,9.23886,1002.7594,0,0
44.12,-0.5241279000000001,5.0430746,8.0884,1002.7668,0,0
44.16,-0.6149479,4.9954095,8.258838,1002.7771,0,0
44.2,-0.6675277,4.804747,8.381932,1002.78955,0,0
44.24,-0.72489107,4.776148,8.263573,1002.772,0,0
44.28,-0.64841604,4.7904477,8.258837,1002.7646,0,0
44.32,-0.5480459,4.900079,8.220962,1002.7718,0,0
44.36,-0.5289305000000001,4.780915,8.396135000000001,1002.7718,0,0
44.4,-0.50503534,4.7380157,8.751214,1002.757,0,0
44.44,-0.4046632,4.7904480000000005,8.486088,1002.71924,0,0
44.48,-0.2803921,4.7523155,8.334585,1002.7418,0,0
44.52,-0.18958156,4.8095145,8.381929,1002.7646,0,0
44.56,-0.15134501,4.71895,8.599712,1002.7521,0,0
44.6,-0.09399309,4.685584,8.49082,1002.76215,0,0
44.64,0.08763565,4.7809153,8.121536,1002.7672,0,0
44.68,0.08763565,4.7809153,8.121536,1002.7571,0,0
44.72,0.11630876,4.919146,8.306177,1002.7599,0,0
44.76,0.049387727,4.8381147,8.467147,1002.7493,0,0
44.8,-0.055769872000000005,4.695118,8.561835,1002.74963,0,0
44.84,-0.050741825,4.647446,8.415091,1002.7799,0,0
44.88,-0.20846584,4.661745,8.533453,1002.75476,0,0
44.92,-0.23714153,4.7284775,8.396154,1002.722,0,0
44.96,-0.2801534,4.933439,9.106316,1002.7323,0,0
45.0,-0.012474872,4.8428745000000015,8.831722000000003,1002.76245,0,0
45.04,-0.031590894,4.6903443,8.898004,1002.7626,0,0
45.08,0.12137234,4.790442,8.301469,1002.7752,0,0
45.12,-0.0028962265,4.676044,8.135765,1002.7523,0,0
45.16,-0.05068792,4.5950127,8.220984,1002.7323,0,0
45.2,0.030571917,4.680811,8.197313000000001,1002.7649,0,0
45.24,0.2169906,4.8285737,8.135767,1002.7325,0,0
45.28,0.049703818,4.6855764,8.206783,1002.7601,0,0
45.32,0.11662738,4.7856746,8.533458999999999,1002.7423,0,0
45.36,0.0066950857,4.6236115,8.656552,1002.7475,0,0
45.4,0.26959062,4.785674,8.452974000000001,1002.74994,0,0
45.44,0.13098265,4.65221,8.519256,1002.7199,0,0
45.48,0.09753039,4.6331440000000015,8.230458,1002.7476,0,0
45.52,0.28395227,4.7332416,8.642352,1002.75256,0,0
45.56,0.11188251,4.5425787,8.675494,1002.7551,0,0
45.6,0.29830438,4.747541,8.680228999999999,1002.75256,0,0
45.64,0.34610555,4.814273,8.613947,1002.74786,0,0
45.68,0.011531982,4.528279,8.609214,1002.75995,0,0
45.72,0.10713121,4.680809,8.557136,1002.7353,0,0
45.76,-0.021917135,4.580710400000001,8.694434,1002.77295,0,0
45.8,-0.02669061,4.690341,8.7843895,1002.7503,0,0
45.84,-0.21860121,4.5330625,8.893214,1002.7174,0,0
45.88,-0.14692694,4.6712932999999985,9.011572,1002.7376,0,0
45.92,-0.013115261,4.7618585,8.197252,1002.77045,0,0
45.96,-0.1326332,4.7141933,8.618611999999999,1002.7476,0,0
46.0,-0.37643743,4.685594999999998,8.09309,1002.7502,0,0
46.04,-0.3477929,4.7666273,8.457636,1002.7831,0,0
46.08,-0.27132740000000005,4.8190594,8.599667,1002.7729,0,0
46.12,-0.44342318,4.7141957,8.504976,1002.7629,0,0
46.16,-0.44342318,4.7141957,8.504976,1002.76544,0,0
46.2,-0.33830175,4.6331654,8.93107,1002.75287,0,0
46.24,-0.44349167,4.6426997000000005,8.519174000000001,1002.7122,0,0
46.28,-0.36702618,4.656999,8.61386,1002.7328,0,0
46.32,-0.4052875,4.585501,8.684875,1002.74036,0,0
46.36,-0.32405367,4.6427010000000015,8.571247,1002.7402,0,0
46.4,-0.42923215,4.5044713,8.751153,1002.7476,0,0
46.44,-0.37189734,4.661768,8.822166000000003,1002.78784,0,0
46.48,-0.4818671,4.5807376,8.741679,1002.74036,0,0
46.52,-0.45319968,4.6617690000000005,8.585442,1002.7554,0,0
46.56,-0.39586484,4.628403700000002,8.599644,1002.7554,0,0
46.6,-0.3863167,4.5998044,8.708534,1002.7328,0,0
46.64,-0.29074344,4.709436,8.48128,1002.7402,0,0
46.68,-0.48196983,4.599806,8.822154,1002.7477,0,0
46.72,-0.65406567,4.533075,8.883699,1002.7453,0,0
46.76,-0.6492971,4.590274,9.092012,1002.7505,0,0
46.8,-0.6732191,4.595041,8.613835,1002.7807,0,0
46.84,-0.5011689,4.7285047,9.087273,1002.7657,0,0
46.88,-0.639806,4.609342,8.604362,1002.74304,0,0
46.92,-0.44863674,4.8000050000000005,8.514406,1002.7528,0,0
46.96,-0.46777883,4.628409400000002,8.878953,1002.7354,0,0
47.0,-0.5060515,4.809539,7.9841479999999985,1002.74786,0,0
47.04,-0.31010234,4.9334702,8.192459,1002.7354,0,0
47.08,-0.7116286000000001,4.8000073,8.045691,1002.7353,0,0
47.12,-0.8741648000000001,4.604579,8.074095,1002.7632,0,0
47.16,-0.8359378000000001,4.766642,8.003078,1002.75287,0,0
47.2,-0.64953685,4.9573045,7.856310400000001,1002.75793,0,0
47.24,-0.30542526,4.9859047,8.500186,1002.73773,0,0
47.28,-0.23851946,4.9954386,8.353419,1002.75287,0,0
47.32,-0.10471919,5.1956344,8.059882,1002.7731,0,0
47.36,-0.21946873,5.0526385000000005,8.77951,1002.7554,0,0
47.4,-0.08565704,5.086005,7.99833,1002.76044,0,0
47.44,-0.14781733,4.8858104,8.30133,1002.7379,0,0
47.48,-0.18128735,4.947776,8.348673,1002.6949,0,0
47.52,-0.104833364,5.1336718,7.9462466,1002.7328,0,0
47.56,-0.08095712,5.08124,8.6658745,1002.7353,0,0
47.6,-0.22438551,5.00021,8.391274000000001,1002.74255,0,0
47.64,-0.09057383,5.138440599999999,8.438617,1002.74536,0,0
47.68,-0.038007382,5.2051725,8.3770685,1002.7679,0,0
47.72,0.08146484,5.162274,8.481224000000001,1002.7557,0,0
47.76,-0.031935588,4.985879,8.647048,1002.73505,0,0
47.8,-0.05104956,5.0573773,8.059982000000002,1002.7553,0,0
47.84,-0.24701627,5.028778,7.681230499999999,1002.7556,0,0
47.88,-0.31870803,4.9763455,8.372454,1002.7554,0,0
47.92,-0.02713479,5.23374,8.362986,1002.76044,0,0
47.96,0.29789448,5.3433704,9.030538,1002.7476,0,0
48.0,-0.37127277,4.842882,9.314602,1002.7353,0,0
48.04,-0.5050994000000001,4.7856830000000015,7.8279996,1002.72754,0,0
48.08,0.020684257,4.957279,8.386659,1002.7453,0,0
48.12,0.09716375,5.0144773,8.670724,1002.75793,0,0
48.16,0.020692136,4.9525123,8.490817,1002.7402,0,0
48.2,0.20232996,5.1622405,8.43874,1002.7428,0,0
48.24,-0.11790902,4.8285813,8.192551,1002.7503,0,0
48.28,0.049392007,4.876247,8.684928999999999,1002.7504,0,0
48.32,0.039837625,4.87148,8.561836,1002.7503,0,0
48.36,-0.08921447,4.7999816,8.808025,1002.7954,0,0
48.4,-0.036628727,4.9477449999999985,8.386663,1002.7551,0,0
48.44,0.011174561,4.9239120000000005,8.26357,1002.77545,0,0
48.48,0.011174561,4.9239120000000005,8.26357,1002.7323,0,0
48.52,0.035081454,4.938211,8.126273,1002.7328,0,0
48.56,-0.1274266,4.766615,8.211492999999999,1002.76044,0,0
48.6,-0.0509471,4.838114,8.15468,1002.7476,0,0
48.64,-0.22779201,4.8905454000000015,8.220963000000001,1002.7679,0,0
48.68,-0.342502,4.752315,8.670731,1002.7323,0,0
48.72,-0.28514174,4.7570815,8.684934,1002.7353,0,0
48.76,-0.17992277,4.9382085999999985,8.7133465,1002.7602,0,0
48.8,-0.22293344,4.871477,8.405611,1002.7679,0,0
48.84,-0.12732592,4.9143753,8.5192375,1002.7503,0,0
48.88,-0.06996072,5.00494,8.509769,1002.71765,0,0
48.92,-0.112975135,4.9286757,8.604458000000001,1002.7527,0,0
48.96,-0.26114142,4.780912,8.699146,1002.78046,0,0
49.0,-0.2611338,4.757078599999999,8.481365,1002.74786,0,0
49.04,-0.17986953,4.799978,8.566586000000001,1002.7579,0,0
49.08,-0.084265865,4.8047442,8.637602000000001,1002.7024,0,0
49.12,-0.050799597,4.957274,8.149958999999999,1002.74,0,0
49.16,-0.28499863,4.65698,8.53818,1002.71967,0,0
49.2,-0.30411398,4.709412,8.415087,1002.75745,0,0
49.24,-0.21329394,4.785677400000001,8.405619,1002.7828,0,0
49.28,-0.28498337,4.6093144,8.779637,1002.7373,0,0
49.32,-0.06988079999999999,4.8953075,8.44823,1002.73737,0,0
49.36,-0.12245099,4.7999763,8.29673,1002.7499,0,0
49.4,-0.11766738,4.7999763,8.344074,1002.77,0,0
49.44,-0.17979342,4.795209,8.661280999999999,1002.7651,0,0
49.48,-0.15111081,4.8333416,8.438764,1002.7626,0,0
49.52,-0.2658147,4.7570763,8.462437,1002.7651,0,0
49.56,-0.2610273,4.661745,8.808048,1002.7373,0,0
49.6,-0.20365821,4.7952080000000015,8.244655999999999,1002.76245,0,0
49.64,-0.23710924,4.7666087,8.315672,1002.75507,0,0
49.68,-0.34704092,4.7046432000000005,8.471909,1002.7928,0,0
49.72,-0.21797863,4.9954033,8.386689,1002.7499,0,0
49.76,-0.2086334,4.9382095,8.751219,1002.75214,0,0
49.8,-0.3137903,4.8524117,8.561843,1002.75476,0,0
49.84,-0.48586452,4.7666135,8.296716,1002.7499,0,0
49.88,-0.49064496,4.680816,8.377201,1002.75964,0,0
49.92,-0.34725213,4.7237153,8.159417,1002.73975,0,0
49.96,-0.25165796,4.881011,8.410342,1002.7598,0,0
50.0,-0.22776023,4.795213,8.438748,1002.77747,0,0
50.04,-0.12738559,4.8953114,8.590249,1002.74475,0,0
50.08,-0.16562533,4.9096107,8.481357000000001,1002.7699,0,0
50.12,-0.22776404,4.809513,8.192557,1002.7596,0,0
50.16,-0.23732428,4.861945,8.159417,1002.75726,0,0
50.2,-0.14650989,4.8476453,8.4529505,1002.76245,0,0
50.24,-0.14173070000000002,4.890545,8.287246000000001,1002.75464,0,0
50.28,-0.2134297,4.914377,8.798561999999997,1002.72955,0,0
50.32,-0.2134297,4.914377,8.798561999999997,1002.7646,0,0
50.36,-0.35204655,4.890545,8.25884,1002.74194,0,0
50.4,-0.35204655,4.890545,8.25884,1002.76733,0,0
50.44,-0.4380849,4.738014700000001,8.770155,1002.7798,0,0
50.48,-0.47154418,4.766614,8.68967,1002.76483,0,0
50.52,-0.39984903,4.752314599999999,8.637591,1002.75464,0,0
50.56,-0.39985028,4.6951160000000005,8.348792999999999,1002.7897,0,0
50.6,-0.39507174,4.7094154,8.36773,1002.76215,0,0
50.64,-0.42853162,4.6379175,8.415073,1002.7594,0,0
50.68,-0.32337722,4.761848400000001,8.533435,1002.7544,0,0
50.72,-0.31859803,4.7666144,8.784358000000001,1002.772,0,0
50.76,-0.47123787,4.4663134000000015,8.666025999999999,1002.74945,0,0
50.8,-0.30870736,4.437714,8.670762,1002.7594,0,0
50.84,-0.32304108,4.4853797,8.396167,1002.7746,0,0
50.88,-0.37561324,4.413881,8.424574,1002.7519,0,0
50.92,-0.19874337,4.6188426,8.987969999999997,1002.7745,0,0
50.96,-0.24175015,4.642675,8.87908,1002.7517,0,0
51.0,-0.2226253,4.614075,8.765454,1002.7873,0,0
51.04,-0.37078205,4.404346,8.850675,1002.74695,0,0
51.08,-0.3325322,4.3709807000000005,8.647097,1002.757,0,0
51.12,-0.3325208,4.3709803,8.576082000000001,1002.7745,0,0
51.16,-0.3707535,4.361447,8.656568,1002.74945,0,0
51.2,-0.251247,4.552109,8.528739999999999,1002.80194,0,0
51.24,-0.2607952,4.528276,8.96904,1002.79193,0,0
51.28,-0.19386084,4.533042,8.54768,1002.7465,0,0
51.32,-0.17473593,4.494909,8.557149,1002.78937,0,0
51.36,-0.21296296,4.475843,8.576088,1002.7644,0,0
51.4,-0.13169482,4.57594,8.604495,1002.7644,0,0
51.44,-0.27985734,4.4710755,8.7702,1002.75684,0,0
51.48,-0.20814888,4.5759397,8.628167999999999,1002.75183,0,0
51.52,-0.23681629,4.599772,8.756,1002.7594,0,0
51.56,-0.29416826,4.5664062,8.912234,1002.76404,0,0
51.6,-0.24157892,4.614071400000001,8.661311999999999,1002.78687,0,0
51.64,-0.16987053,4.6331370000000005,8.656578,1002.76166,0,0
51.68,-0.23198514,4.652203,8.23522,1002.75183,0,0
51.72,-0.23198514,4.652203,8.23522,1002.8046,0,0
51.76,-0.14674920000000002,4.62839,8.8790245,1002.7917,0,0
51.8,-0.15631962,4.6712894,8.618632,1002.8017,0,0
51.84,-0.20413919,4.6283910000000015,8.490801,1002.76917,0,0
51.88,-0.19938093,4.647457599999999,8.6186285,1002.7942,0,0
51.92,-0.29977843,4.5664263,8.594954,1002.7892,0,0
51.96,-0.09906978,4.7380233,8.751184,1002.75635,0,0
52.0,-0.09906978,4.7380233,8.751184,1002.7768,0,0
52.04,-0.27595484,4.6236267,8.471852,1002.7489,0,0
52.08,-0.26641682,4.5807285,8.533398,1002.77405,0,0
52.12,-0.2903482,4.5616629999999985,8.599675999999999,1002.7766,0,0
52.16,-0.19477364,4.656994999999998,8.5618,1002.79675,0,0
52.2,-0.13264695,4.7618594000000005,8.258797,1002.77905,0,0
52.24,-0.15178777,4.6712956,8.6375475,1002.77637,0,0
52.28,-0.304763,4.5664315,8.779577,1002.77136,0,0
52.32,-0.22830777,4.661763,8.476573,1002.78674,0,0
52.36,-0.118393786,4.766628,8.405555,1002.79663,0,0
52.4,-0.16620266,4.704663,8.538116,1002.81177,0,0
52.44,-0.19969360000000005,4.6188660000000015,8.736958999999999,1002.7941,0,0
52.48,-0.18058515,4.661765,8.613863,1002.78656,0,0
52.52,-0.19494615,4.695132,8.552313999999999,1002.74615,0,0
52.56,-0.18062826,4.6903653,8.523906,1002.79675,0,0
52.6,-0.19976908,4.6379337,8.585450999999999,1002.7713,0,0
52.64,-0.17111184,4.647467,8.500231,1002.8295,0,0
52.68,-0.14723435,4.6379347,8.656464,1002.7788,0,0
52.72,-0.094678074,4.804765,8.419742,1002.7939,0,0
52.76,-0.080349445,4.8619637,8.34399,1002.7841,0,0
52.8,-0.12225954,4.804738,8.093167,1002.81903,0,0
52.84,-0.16047518,4.9668,7.998481799999999,1002.7764,0,0
52.88,-0.13177352,4.9191346,8.344095,1002.79395,0,0
52.92,-0.13654189,4.8714685,8.334628,1002.7841,0,0
52.96,-0.36114708,4.3805118,7.6481433,1002.7738,0,0
53.0,-0.40415385,4.437710299999999,7.671817,1002.8139,0,0
53.04,-0.2655281,4.5997725,8.135788,1002.8113,0,0
53.08,-0.43757823,4.351911,9.81177,1002.79645,0,0
53.12,-0.35151896,4.0611510000000015,9.930133,1002.799,0,0
53.16,0.35592628,4.2470455000000005,9.101614,1002.7938,0,0
53.2,0.05483287,4.0897489999999985,8.561895,1002.79846,0,0
53.24,-0.08375859,4.0849814,9.26259,1002.7912,0,0
53.28,-0.121985614,3.9086185,9.764438,1002.7887,0,0
53.32,-0.32271457,3.8132867999999993,9.844925,1002.7914,0,0
53.36,-0.21752463,4.1993775,7.9937754,1002.79614,0,0
53.4,-0.34177670000000004,4.1088123,8.263639,1002.79596,0,0
53.44,-0.3656643,4.05638,8.434078,1002.7909,0,0
53.48,-0.45167792,3.9229155,9.03535,1002.7858,0,0
53.52,-0.41342813,4.0611453,8.713411,1002.79865,0,0
53.56,-0.39905447,4.2184405,9.291012,1002.79095,0,0
53.6,-0.44684106,4.1135764,9.527733,1002.766,0,0
53.64,-0.4707173,4.890525,8.150023,1002.7888,0,0
53.68,-0.6714234,3.73225,9.243675,1002.8013,0,0
53.72,-0.38940352,4.1088076,8.77497,1002.7812,0,0
53.76,0.2271183,4.771361,8.547711999999999,1002.7708,0,0
53.8,0.088513486,4.7856607,9.158451,1002.7583,0,0
53.84,0.15067945,4.7475276,8.935937,1002.77576,0,0
53.88,-0.026163772,4.728461,9.418847,1002.80347,0,0
53.92,-0.20776777,4.5997629999999985,8.613999999999999,1002.7481,0,0
53.96,-0.14562084,4.757059,8.647142,1002.79596,0,0
54.0,-0.14560181,4.56163,9.111115,1002.811,0,0
54.04,-0.35111436,5.495874400000001,9.087445,1002.81354,0,0
54.08,0.002610136,4.5377965,10.233173,1002.79596,0,0
54.12,-0.3271868,4.399566,9.646108,1002.7381,0,0
54.16,0.10780386,4.8809876,7.7144732,1002.7858,0,0
54.2,-0.16941528,5.324277,7.6150517,1002.80096,0,0
54.24,-0.021222334,5.1050143,7.3878020000000015,1002.8085,0,0
54.28,0.060062833,4.6045256,8.907548,1002.7859,0,0
54.32,-0.11199109,5.724666,6.6776456999999985,1002.7834,0,0
54.36,0.3229901,5.5626025000000014,7.979608,1002.7858,0,0
54.4,-0.41309023,5.252776,8.225799,1002.7734,0,0
54.44,-0.28399748,5.6341004,8.514602,1002.7855,0,0
54.48,-0.092795804,5.462503400000001,8.77026,1002.7808,0,0
54.52,-0.49905062,4.9524813,7.662411,1002.7705,0,0
54.56,-0.6519949,5.166976,7.321535000000001,1002.783,0,0
54.6,-0.7141228000000001,5.023979,7.41149,1002.7881,0,0
54.64,-0.9435344,4.7093862999999985,7.989089,1002.8159,0,0
54.68,-1.3019817,5.21464,8.263688,1002.7929,0,0
54.72,-0.7236159000000001,5.252772,8.675582,1002.8182,0,0
54.76,-0.84334034,5.1145477,8.756046000000001,1002.8235,0,0
54.8,-0.50396985,5.0430493,9.082721,1002.8031,0,0
54.84,-0.55654323,5.162213,8.457778999999999,1002.7931,0,0
54.88,-0.70948356,5.452973,8.064824,1002.80054,0,0
54.92,-0.7190344,5.3290415,8.415171,1002.78046,0,0
54.96,-1.0488365,5.1002474,8.571407,1002.78296,0,0
55.0,-1.0058093,5.4005404000000015,7.5629797,1002.7981,0,0
55.04,-1.244786,4.5997580000000005,8.722911,1002.78546,0,0
55.08,-0.77157664,5.047815,7.610326,1002.80054,0,0
55.12,-0.6281781999999999,5.395773,8.363096,1002.78796,0,0
55.16,-1.0057694,5.3195076,7.9417353,1002.80817,0,0
55.2,-1.4598418,5.472037,9.115869,1002.7902,0,0
55.24,-0.9866323,4.9620156,8.703977,1002.7905,0,0
55.28,-0.51342285,5.186043700000001,8.031692,1002.76245,0,0
55.32,-0.51342285,5.186043700000001,8.031692,1002.7929,0,0
55.36,-0.6042258,5.2003427,8.301554,1002.80023,0,0
55.4,-0.6424554,5.448203,8.396243,1002.7926,0,0
55.44,-1.2781603,5.0096803,8.524073,1002.7929,0,0
55.48,-1.349853,5.3767047,8.249477,1002.8027,0,0
55.52,-1.1873307,4.671254,8.666106,1002.7878,0,0
55.56,-1.1251801,4.861916000000001,8.287355,1002.7901,0,0
55.6,-0.9148642,4.4901247,8.576155,1002.7675,0,0
55.64,-0.78102076,4.6521873,7.4872417,1002.775,0,0
55.68,-0.7188744,5.2003407,7.3262734,1002.79254,0,0
55.72,-0.6041458000000001,5.6817627,8.883892999999997,1002.79535,0,0
55.76,-0.58963996,5.629327,8.651923,1002.8027,0,0
55.8,-0.90031195,5.429131,8.524096,1002.79004,0,0
55.84,-0.8047006999999999,5.495863,8.050656,1002.8155,0,0
55.88,-1.0245564,5.219402,8.131143,1002.76245,0,0
55.92,-0.49876276,5.7341894999999985,8.538302,1002.79004,0,0
55.96,-0.39359188,5.0573378,8.083801,1002.78,0,0
56.0,-0.766409,5.0049057,6.805513,1002.7671,0,0
56.04,-0.00639734,5.9534497,7.771333,1002.7775,0,0
56.08,-0.5082691,5.7437215,7.880225699999999,1002.8078,0,0
56.12,-0.18322721,6.325241,7.009096,1002.7848,0,0
56.16,-0.33138594,6.182244,8.012792,1002.79456,0,0
56.2,-0.8571491,5.491093,8.036465,1002.7772,0,0
56.24,-0.4890890000000001,5.8104515,7.430463,1002.7595,0,0
56.28,-0.60378903,5.491092,7.6387773,1002.7998,0,0
56.32,-0.17359157,5.500624,8.206907000000001,1002.7948,0,0
56.36,0.07020129,5.505390599999999,7.629312,1002.81287,0,0
56.4,0.07976852,5.5387564000000005,7.8234233999999985,1002.78705,0,0
56.44,-0.18310545,5.5387559999999985,7.719268,1002.79205,0,0
56.48,-0.41251326,5.5101559999999985,7.506222200000002,1002.7823,0,0
56.52,-0.37425956,5.7580166,7.77135,1002.7722,0,0
56.56,-0.36469233,5.8199816,8.088556,1002.7823,0,0
56.6,-0.4841722,5.4910893,7.960728599999999,1002.7898,0,0
56.64,-0.5749809,5.429124,8.642483,1002.7947,0,0
56.68,-0.26427844,5.638852,8.576203,1002.78467,0,0
56.72,-0.15909994,5.624552,8.183249,1002.7821,0,0
56.76,-0.08845598,5.78664,7.880151299999999,1002.7872,0,0
56.8,-0.06457091,5.910571599999999,7.974838,1002.7972,0,0
56.84,-0.059818994,6.0726347,7.9416947,1002.79205,0,0
56.88,-0.92499137,5.5816803,7.918020200000001,1002.8048,0,0
56.92,-0.83421695,5.76281,8.088453999999999,1002.7898,0,0
56.96,-0.6239475,5.7294455,7.780715,1002.79205,0,0
57.0,-0.7960344,5.6150484,8.154731,1002.7795,0,0
57.04,-1.09719,5.6293488,7.2883330000000015,1002.7998,0,0
57.08,-0.43282503,5.9868417,6.9048433000000005,1002.7821,0,0
57.12,-0.3468165,5.9248767,8.164193,1002.79974,0,0
57.16,-0.3850828,6.172738,7.151027,1002.7872,0,0
57.2,-0.49028033,5.600753,7.998481799999999,1002.8049,0,0
57.24,-0.30866176,5.705617,7.307257000000001,1002.7951,0,0
57.28,-0.08403891,6.0774093,7.733351,1002.7823,0,0
57.32,0.03542832,6.0869427000000025,7.103673,1002.8046,0,0
57.36,0.001955714,6.0964766,7.690738,1002.7846,0,0
57.4,-0.11278752,6.053578,7.7475476,1002.79205,0,0
57.44,0.05447774,6.053579,7.813827499999999,1002.8027,0,0
57.48,0.11657333,5.953482,7.506087299999999,1002.79736,0,0
57.52,0.25995353,6.020214,7.1746774,1002.762,0,0
57.56,0.0926185,5.734222,7.984257,1002.7794,0,0
57.6,-0.031684257,5.748522,7.676518400000001,1002.7822,0,0
57.64,0.19771841,6.0917153,8.045799,1002.8077,0,0
57.68,0.22158952,5.9534855,8.481361,1002.79736,0,0
57.72,-0.36635423,5.605527,7.430321000000001,1002.8077,0,0
57.76,-0.1928727,5.4529634000000025,7.937031699999999,1002.7797,0,0
57.8,-0.3123532,5.4386635000000005,8.244769,1002.7772,0,0
57.84,-0.1784895,5.7484884,7.520407700000002,1002.78467,0,0
57.88,-0.28839590000000004,5.7198887,7.8849597,1002.77716,0,0
57.92,-0.3266051,5.6054900000000005,7.4115224,1002.8101,0,0
57.96,-0.4221720000000001,5.619789599999999,8.036466,1002.7672,0,0
58.0,-0.4603959,5.5482907,7.7003245,1002.81287,0,0
58.04,-0.25480595,5.7389517,7.927581299999999,1002.8077,0,0
58.08,-0.25479135,5.691286,7.899176,1002.77716,0,0
58.12,-0.16394593,5.7294173,7.8802414,1002.7977,0,0
58.16,-0.15913695,5.87718,7.686134,1002.77484,0,0
58.2,-0.39808342,5.6579169999999985,7.8849826,1002.8028,0,0
58.24,-0.393289,5.6865163,7.71928,1002.76245,0,0
58.28,-0.47929633,5.648383,8.140645,1002.8053,0,0
58.32,-0.43624887,5.6007166,8.353696000000001,1002.8001,0,0
58.36,-0.2354534,5.7294126,7.951274400000001,1002.76965,0,0
58.4,-0.45051536,5.5625825,7.9512773,1002.8155,0,0
58.44,-0.4600604,5.5721154,7.7997774999999985,1002.7901,0,0
58.48,-0.37399474,5.7151112999999985,8.093313,1002.8153,0,0
58.52,-0.51257986,5.4910827000000015,8.008098,1002.7952,0,0
58.56,-0.40261525,5.662678,7.761911,1002.8003,0,0
58.6,-0.46472356,5.54828,7.8566017000000015,1002.8027,0,0
58.64,-0.35475890000000004,5.5530453,8.178543,1002.793,0,0
58.68,-0.2256896,5.724642,8.083857,1002.8056,0,0
58.72,-0.3499353,5.6912746,7.676700599999997,1002.8056,0,0
58.76,-0.3370145,5.643644,8.05059,1002.7901,0,0
58.8,-0.32270423,5.5673795,7.9464293,1002.8077,0,0
58.84,-0.21279792,5.634112,7.8091288,1002.8031,0,0
58.88,-0.1745887,5.681778400000002,7.6008124000000015,1002.7852,0,0
58.92,-0.19851685,5.6150475,7.8422646999999985,1002.783,0,0
58.96,-0.24154966,5.567382,7.8848724,1002.81537,0,0
59.0,-0.12686354,5.6722474,7.927479300000001,1002.8031,0,0
59.04,-0.03129666,5.734213,7.7807107,1002.7752,0,0
59.08,-0.18907392,5.6388826,7.7523,1002.7902,0,0
59.12,-0.30381840000000004,5.710382,7.5155773,1002.7929,0,0
59.16,-0.38986948,5.619818,7.321465499999999,1002.7929,0,0
59.2,-0.5093937,5.462522,7.7475586,1002.8156,0,0
59.24,-0.46161032,5.5006547,7.6386660000000015,1002.77295,0,0
59.28,-0.34215894,5.5149555,8.296743,1002.78546,0,0
59.32,-0.23225264,5.5244894,8.202053999999999,1002.81323,0,0
59.36,0.03060742,5.696086,8.197317,1002.79803,0,0
59.4,0.025813011,5.6627207,8.2588625,1002.80316,0,0
59.44,0.15004414,5.6722550000000025,8.003200999999999,1002.8185,0,0
59.48,0.04487391,5.5387917,8.145230999999999,1002.7905,0,0
59.52,-0.2515323,5.300465,7.917975,1002.7905,0,0
59.56,-0.32803833,5.200368,8.007926,1002.7905,0,0
59.6,-0.31850785,5.243268,8.249378,1002.79803,0,0
59.64,-0.23248601,5.2861676,8.505034,1002.7956,0,0
59.68,0.039919063,5.4100986,8.448217,1002.79333,0,0
59.72,0.02078526,5.4482317,8.438747,1002.7834,0,0
59.76,-0.06926747,5.3195157,8.2163,1002.76544,0,0
59.8,-0.17442189,5.243251,8.415144999999999,1002.7883,0,0
59.84,-0.25089747,5.209885,8.254176,1002.7856,0,0
59.88,-0.34170994,5.047822,8.131082000000001,1002.7858,0,0
59.92,-0.2747901,5.181286,7.9748464000000014,1002.8135,0,0
59.96,-0.18875237,5.2909164,8.168957,1002.78326,0,0
60.0,-0.29390556,5.209885,8.5051,1002.7808,0,0
60.04,-0.2986828,5.2956834000000015,8.5619135,1002.79596,0,0
60.08,-0.19352332,5.295683,8.552444,1002.7884,0,0
60.12,-0.2604393,5.176519,8.424616,1002.7913,0,0
60.16,-0.36559242,5.0239887,8.126349000000001,1002.8039,0,0
60.2,-0.29867268,4.923891,8.367804,1002.77606,0,0
60.24,-0.23175289,5.1288532999999985,8.088474,1002.77606,0,0
60.28,-0.2747686,5.066888,8.419882000000001,1002.8013,0,0
60.32,-0.15049115,5.2337174000000015,8.310991,1002.77606,0,0
60.36,-0.33690098,5.081187,8.400945,1002.7838,0,0
60.4,-0.4563935000000001,4.909591000000002,8.197366,1002.7736,0,0
60.44,-0.29387766,4.985856,8.438821,1002.7912,0,0
60.48,-0.12658194,5.133619,8.022194,1002.761,0,0
60.52,-0.1122413,5.190818,8.249446,1002.79364,0,0
60.56,-0.21261463,5.057354,8.52404,1002.78143,0,0
60.6,-0.11701599,5.209884,8.363071000000001,1002.7862,0,0
60.64,-0.16481155,5.157451999999998,8.183164999999999,1002.7736,0,0
60.68,-0.31776142,5.1002535999999985,8.424619999999999,1002.79663,0,0
60.72,-0.32253867,5.152685,8.211571000000001,1002.7838,0,0
60.76,-0.2705888,5.138401,8.410358,1002.77405,0,0
60.8,-0.35665953,5.047837,8.363011,1002.789,0,0
60.84,-0.35189116,5.0144715,8.178369,1002.7915,0,0
60.88,-0.3136869,5.1050366999999985,8.41982,1002.7964,0,0
60.92,-0.43319345,5.009706,8.405616,1002.77405,0,0
60.96,-0.33284040000000004,5.0526056,8.415082,1002.7916,0,0
61.0,-0.3663218,5.0430727,8.5003,1002.777,0,0
61.04,-0.18949191,5.295701,8.344063,1002.78406,0,0
61.08,-0.2564206,5.2003703,7.960574,1002.74646,0,0
61.12,-0.39505774,5.1050396,8.358262,1002.7463,0,0
61.16,-0.41421124,5.114574,8.495557000000002,1002.75903,0,0
61.2,-0.44769266,5.047842500000002,8.386663,1002.8195,0,0
61.24,-0.44292426,5.0669093,8.235163,1002.79956,0,0
61.28,-0.30433276,5.3672023,8.154675,1002.79706,0,0
61.32,-0.28523645,5.2861720000000005,8.249361,1002.7644,0,0
61.36,-0.4238735,5.133642,8.410328999999999,1002.76917,0,0
61.4,-0.3330801,5.076444,8.074183,1002.7669,0,0
61.44,-0.29964435,5.171776,8.216214,1002.7467,0,0
61.48,-0.27098835,5.2861743,8.244617,1002.7542,0,0
61.52,-0.37139845,5.162244,8.183067,1002.7467,0,0
61.56,-0.36185026,5.128878599999998,8.471866,1002.7368,0,0
61.6,-0.31886625,5.23851,7.97475,1002.7593,0,0
61.64,-0.25674020000000003,5.243277,8.097843,1002.7644,0,0
61.68,-0.34279954,5.1336464999999984,8.552342999999999,1002.79456,0,0
61.72,-0.37148973,5.1145809999999985,8.37717,1002.80963,0,0
61.76,-0.25201747,5.2099123,8.097837,1002.7619,0,0
61.8,-0.33801275,5.1574792999999985,8.419781,1002.74695,0,0
61.84,-0.33803305,5.2480445,8.178325,1002.7441,0,0
61.88,-0.2950453,5.205147,8.258807000000001,1002.73663,0,0
61.92,-0.24248767,5.2766449999999985,8.14518,1002.7571,0,0
61.96,-0.1994999,5.1765485,8.2730055,1002.7795,0,0
62.0,-0.19473027,5.195615,8.074160000000001,1002.72925,0,0
62.04,-0.21387994,5.167016,8.244596000000001,1002.7773,0,0
62.08,-0.21868002,5.16225,7.965264,1002.7848,0,0
62.12,-0.11354464,5.16225,8.424499,1002.72174,0,0
62.16,-0.14223357,5.200383,8.1877775,1002.7471,0,0
62.2,-0.027528454,5.3100142,7.965260000000002,1002.7749,0,0
62.24,-0.15662375,5.1479526,8.258789,1002.76495,0,0
62.28,-0.15662375,5.1479526,8.258789,1002.73706,0,0
62.32,-0.26180986,5.085988,8.249317,1002.7598,0,0
62.36,-0.11365626,5.1241207000000015,8.059939,1002.7573,0,0
62.4,-0.16624425,5.081222,8.220907,1002.7599,0,0
62.44,-0.12325643,5.1145887000000005,8.282452000000001,1002.7624,0,0
62.48,-0.14717574,5.0526237,8.386607000000001,1002.71716,0,0
62.52,-0.12806666,5.0669236,8.31559,1002.7069,0,0
62.56,-0.09941831,5.228987999999998,8.164087,1002.76263,0,0
62.6,-0.17590536,5.12889,8.301383,1002.75226,0,0
62.64,-0.19027513,5.1241245000000015,8.722744,1002.7524,0,0
62.68,-0.24765305,4.9477625,8.57124,1002.75507,0,0
62.72,-0.03736203,5.0287943,8.201956,1002.74994,0,0
62.76,-0.15085374,4.933433,8.287286,1002.73737,0,0
62.8,-0.16517857,4.938199,8.277819000000001,1002.73755,0,0
62.84,-0.09823214,4.9667974,8.372508999999999,1002.7373,0,0
62.88,-0.093423165,5.028762,8.381981,1002.77264,0,0
62.92,-0.045610514000000005,5.095494,8.339373,1002.7473,0,0
62.96,-0.11249863,4.9906282,8.519282,1002.76514,0,0
63.0,-0.12202902,5.000161,8.410395,1002.76764,0,0
63.04,-0.19844754,4.9143615,8.353586,1002.76996,0,0
63.08,-0.16497439,4.947727,8.490886,1002.75995,0,0
63.12,-0.10282235,4.9953923,8.661325,1002.7499,0,0
63.16,-0.10277858,5.0144577,8.239967,1002.7725,0,0
63.2,-0.2174501,4.8905263,8.405676,1002.7502,0,0
63.24,-0.21265572,4.9000587,8.49563,1002.73755,0,0
63.28,-0.25086492,4.914357,8.396212,1002.7274,0,0
63.32,-0.13612048,5.0907197,8.339400999999999,1002.7551,0,0
63.36,-0.2221424,5.038287,8.400949,1002.7273,0,0
63.4,-0.26511684,4.9810877,8.424625,1002.7579,0,0
63.44,-0.36546358,4.923888,8.457769,1002.73737,0,0
63.48,-0.24115947,5.0192184,8.5051155,1002.788,0,0
63.52,-0.14554885,5.081183,8.320475,1002.6997,0,0
63.56,-0.27454520000000004,4.914352,8.254197999999999,1002.7474,0,0
63.6,-0.21717298,4.981084,8.292076,1002.77277,0,0
63.64,-0.22192362,5.0001493,8.3915,1002.77026,0,0
63.68,-0.27447227,5.009682,8.348892999999999,1002.7273,0,0
63.72,-0.27444309999999994,4.981082,8.467257,1002.74786,0,0
63.76,-0.3903362,4.933445,8.580774,1002.7803,0,0
63.8,-0.33776787,4.976344,8.344053,1002.73737,0,0
63.84,-0.20395236,5.02401,8.339317,1002.74786,0,0
63.88,-0.2039809,5.1193423,8.273032,1002.7556,0,0
63.92,-0.31871520000000003,5.0621443,8.457673,1002.7504,0,0
63.96,-0.29961506,5.0001793,8.5192175,1002.7402,0,0
64.0,-0.23748712,5.057378,8.424529,1002.7554,0,0
64.04,-0.19448785,5.0764445999999985,8.112058,1002.7553,0,0
64.08,-0.24230494,4.947748000000002,8.334572999999999,1002.7476,0,0
64.12,-0.2709933,4.952515,8.306165,1002.7553,0,0
64.16,-0.28059095,5.0430803,8.301427,1002.74786,0,0
64.2,-0.28059095,5.0430803,8.301427,1002.715,0,0
64.24,-0.2901696,5.0859804,8.13572,1002.7502,0,0
64.28,-0.33320683,4.947750599999999,8.3913765,1002.7477,0,0
64.32,-0.25675848,4.9525175,8.315624,1002.75793,0,0
64.36,-0.11338346,4.995417,8.37717,1002.76794,0,0
64.4,-0.051264975,5.1193480000000005,8.0789,1002.74786,0,0
64.44,-0.11341197,5.147948,8.206728,1002.7451,0,0
64.48,-0.29028374,5.1002827,8.107304,1002.75287,0,0
64.52,-0.39547747,5.014485,8.419771,1002.7553,0,0
64.56,-0.4098264,4.947754,8.5476,1002.7629,0,0
64.6,-0.24255222,4.9572873,8.4623785,1002.7404,0,0
64.64,-0.26169053,4.900089,8.396094999999999,1002.763,0,0
64.68,-0.09442591,5.0049543,8.301404,1002.7323,0,0
64.72,-0.11356417,4.947756,8.500248,1002.7277,0,0
64.76,-0.14659013,5.0669093,8.135736999999999,1002.7477,0,0
64.8,-0.14659013,5.0669093,8.135736999999999,1002.758,0,0
64.84,-0.28520632,4.852414,8.722804,1002.7582,0,0
64.88,-0.3282252,4.8810134000000005,8.519224000000001,1002.7554,0,0
64.92,-0.18483295,4.971578,8.367723,1002.72784,0,0
64.96,-0.12747595,5.0001774,8.358253999999999,1002.7453,0,0
65.0,-0.22307393,4.923913,8.097861,1002.74786,0,0
65.04,-0.31389084,4.919146,8.017377999999999,1002.76025,0,0
65.08,-0.47640547,4.9429793,7.8706107,1002.7503,0,0
65.12,-0.3282328,4.9906440000000005,8.7086,1002.7705,0,0
65.16,-0.7345174,4.6188536,10.076842,1002.7356,0,0
65.2,-0.6389225000000001,5.248039,8.287238,1002.7453,0,0
65.24,0.0493673,4.790449,9.18204,1002.73785,0,0
65.28,0.011128208,4.5521216,8.916914,1002.7579,0,0
65.32,-0.12748799,4.6045537,8.452942,1002.7477,0,0
65.36,-0.17528735,4.6045537,8.211486,1002.76794,0,0
65.4,-0.16572836,4.5425879999999985,8.547628999999999,1002.74036,0,0
65.44,-0.2517667,4.485389700000002,8.145205,1002.7629,0,0
65.48,-0.12271327,4.5521216,8.90271,1002.7629,0,0
65.52,-0.33780572,4.6045537,8.585505,1002.7631,0,0
65.56,-0.33780572,4.6045537,8.585505,1002.75287,0,0
65.6,-0.37604603,4.5425887000000005,8.533425999999999,1002.7476,0,0
65.64,-0.4286251,4.699885,8.263565,1002.73254,0,0
65.68,-0.5003241,4.8333483,8.467143,1002.75287,0,0
65.72,-0.3569313,4.938212999999998,8.907442,1002.74786,0,0
65.76,-0.30438554,4.962046,8.7606735,1002.7502,0,0
65.8,-0.4908017,4.923914,8.495546000000001,1002.7629,0,0
65.84,-0.47646362,4.876249,8.713329,1002.7503,0,0
65.88,-0.4573469,4.771384200000001,8.542891000000001,1002.7602,0,0
65.92,-0.23747851,4.847649,8.751204,1002.7579,0,0
65.96,-0.19924384,4.7904506,8.538155999999999,1002.73505,0,0
66.0,-0.29006267,4.814284,8.291966,1002.7476,0,0
66.04,-0.52427435,4.704653,7.960558,1002.75287,0,0
66.08,-0.6198716999999999,4.757085,7.884807,1002.74786,0,0
66.12,-0.69157255,4.8285832000000015,8.306169,1002.7298,0,0
66.16,-0.48604345,5.033546,8.803281,1002.73254,0,0
66.2,-0.4478063,5.047845400000001,9.016329,1002.78796,0,0
66.24,-0.38567138,5.147943,8.9405775,1002.76263,0,0
66.28,-0.45259246,5.028779,8.983188,1002.7353,0,0
66.32,-0.4908334,5.081211,8.438731,1002.7348,0,0
66.36,-0.33310243,5.028779,8.2824955,1002.7127,0,0
66.4,-0.31398445,5.0573783,8.225682,1002.7323,0,0
66.44,-0.443043,5.0764445999999985,7.6338816,1002.7424,0,0
66.48,-0.42392504,4.952514,8.069446000000001,1002.7403,0,0
66.52,-0.47172567,5.1050444000000015,7.633881,1002.7202,0,0
66.56,-0.39047152,5.5245013,7.439769999999997,1002.7753,0,0
66.6,-0.6007866999999999,5.2385077,7.875334700000002,1002.73254,0,0
66.64,-0.50519186,5.5006685,7.6433490000000015,1002.75244,0,0
66.68,-0.43349734,5.286174,8.4860735,1002.7403,0,0
66.72,-0.46217746,5.2432747000000015,8.381917,1002.73755,0,0
66.76,-0.40023196,5.2623453,7.7616916,1002.73505,0,0
66.8,-0.44803506,5.238512999999998,7.9415975,1002.7248,0,0
66.84,-0.41937152,5.286179,8.017347000000001,1002.7299,0,0
66.88,-0.39069772,5.338611599999999,7.8847837,1002.7626,0,0
66.92,-0.22341473,5.4816084,8.528663,1002.74,0,0
66.96,-0.26166332,5.5483400000000005,8.287207,1002.7425,0,0
67.0,-0.74443877,5.2099147000000015,7.6291223,1002.7549,0,0
67.04,-0.44810098,5.2671137,8.296672000000001,1002.74,0,0
67.08,-0.24735938,5.4196444,8.315609,1002.7174,0,0
67.12,-0.5341578,5.48161,7.865839999999999,1002.7325,0,0
67.16,-0.40511835,5.248049,8.059949000000001,1002.71497,0,0
67.2,-0.47682047,5.2861814,8.083621,1002.7225,0,0
67.24,-0.41947296,5.314781,8.325074,1002.73224,0,0
67.28,-0.3286668,5.362447,7.809023,1002.74,0,0
67.32,-0.2665344,5.443478,7.898976299999997,1002.74,0,0
67.36,-0.4099438,5.3386144999999985,7.9273815,1002.73224,0,0
67.4,-0.30001846,5.424413,7.9084435,1002.7449,0,0
67.44,-0.12317582,5.567409,7.64805,1002.7146,0,0
67.48,-0.04670403,5.6293745,7.988927,1002.7499,0,0
67.52,-0.19967298,5.4768457,7.917909,1002.71466,0,0
67.56,-0.26182055,5.3624487,8.017330000000001,1002.7551,0,0
67.6,-0.28572470000000005,5.329082499999998,8.140425,1002.74207,0,0
67.64,-0.31919342,5.3386164,8.055204,1002.7601,0,0
67.68,-0.25229138,5.553111,8.1925,1002.7651,0,0
67.72,-0.33355317,5.486379,8.145156,1002.7674,0,0
67.76,-0.40450072,5.3004656,8.074209,1002.7449,0,0
67.8,-0.20372865,5.4863610000000005,8.012664,1002.7499,0,0
67.84,-0.24673672,5.410095,7.917977,1002.7197,0,0
67.88,-0.34709233,5.329063400000001,8.149964,1002.7323,0,0
67.92,-0.27537495,5.4577603,8.102622,1002.7624,0,0
67.96,-0.26101524,5.4196269999999975,8.353547,1002.75745,0,0
68.0,-0.28966367,5.4577594000000005,8.11683,1002.7499,0,0
68.04,-0.28966367,5.4577594000000005,8.11683,1002.7951,0,0
68.08,-0.32787165,5.3719606,8.078957,1002.75476,0,0
68.12,-0.1509986,5.433925,8.18785,1002.76996,0,0
68.16,-0.2131056,5.410091,8.007946,1002.73474,0,0
68.2,-0.31347132,5.3338265,8.112103,1002.7423,0,0
68.24,-0.4950836,5.1002645,8.135777000000001,1002.76746,0,0
68.28,-0.093549654,5.3910236,7.922732400000001,1002.76764,0,0
68.32,-0.14610718,5.338591,8.557144000000001,1002.7624,0,0
68.36,-0.13175765,5.357657,8.457723,1002.7651,0,0
68.4,-0.09827874,5.286158,8.192597,1002.7596,0,0
68.44,-0.21297371,5.1097946,8.282553,1002.775,0,0
68.48,-0.14602603,5.381488,7.865928599999997,1002.75476,0,0
68.52,-0.24639173,5.3099895,8.074244,1002.7848,0,0
68.56,-0.29417968,5.209892,8.457730999999999,1002.7498,0,0
68.6,-0.28935927,5.0859604,8.448266,1002.76733,0,0
68.64,-0.32758754,5.0716605,8.3015,1002.75464,0,0
68.68,-0.3658057,5.0287604,8.287299,1002.76996,0,0
68.72,-0.38491476,4.990628,8.197346000000001,1002.77246,0,0
68.76,-0.3084176,5.071659,8.041112,1002.78503,0,0
68.8,-0.21796688,5.209898,8.703896,1002.7393,0,0
68.84,-0.17494611,5.252796599999999,8.353551,1002.7724,0,0
68.88,-0.3613509,5.038302,8.443503999999999,1002.7347,0,0
68.92,-0.2753093,5.162232,8.060018,1002.7418,0,0
68.96,-0.2992058,5.1526995000000015,8.258863,1002.73193,0,0
69.0,-0.2561799,5.138399,8.410364999999999,1002.74207,0,0
69.04,-0.22749606,5.152699,8.306208999999999,1002.7498,0,0
69.08,-0.2227137,5.147932,8.29674,1002.77466,0,0
69.12,-0.30396274,5.0669007000000015,8.424569,1002.74207,0,0
69.16,-0.06496749,5.243263,8.126303,1002.7493,0,0
69.2,-0.06496749,5.243263,8.126303,1002.7521,0,0
69.24,-0.19879182,5.21943,8.263602,1002.74164,0,0
69.28,-0.23702775,5.2194295,8.367759,1002.78955,0,0
69.32,-0.26091912,5.2956944,7.927459700000001,1002.7822,0,0
69.36,-0.26091912,5.2956944,7.927459700000001,1002.72156,0,0
69.4,-0.2752484000000001,5.3290596,8.20679,1002.7544,0,0
69.44,-0.34694043,5.271861,8.154712,1002.7948,0,0
69.48,-0.31347668,5.2289624,8.348824,1002.7519,0,0
69.52,-0.25133413,5.286161,7.946399,1002.7545,0,0
69.56,-0.25133413,5.286161,7.946399,1002.762,0,0
69.6,-0.38994086,5.271861,8.235199,1002.73425,0,0
69.64,-0.44251108,5.228962,8.154715,1002.7771,0,0
69.68,-0.41860956,5.248028,7.899057000000001,1002.7316,0,0
69.72,-0.38036606,5.1765300000000005,8.216262,1002.7594,0,0
69.76,-0.38533163,5.2956977,8.107353999999999,1002.7542,0,0
69.8,-0.42835113,5.2956977,8.055276,1002.7569,0,0
69.84,-0.46181107,5.2003665,8.074214,1002.7768,0,0
69.88,-0.4140181,5.276632,8.41509,1002.73663,0,0
69.92,-0.4140181,5.276632,8.41509,1002.78955,0,0
69.96,-0.44270194,5.1431684,8.268322,1002.72394,0,0
70.0,-0.399685,5.2242,8.083681,1002.7718,0,0
70.04,-0.42358652,5.243266,8.452964999999999,1002.74677,0,0
70.08,-0.327993,5.3481307000000005,8.074212,1002.7314,0,0
70.12,-0.46183008,5.2242,7.7286,1002.7418,0,0
70.16,-0.42837268,5.1384025,7.936914,1002.7516,0,0
70.2,-0.32799938,5.295698000000002,8.651809,1002.74945,0,0
70.24,-0.33756152,5.348131,7.809083999999999,1002.7339,0,0
70.28,-0.313665,5.4100957,8.135757,1002.79175,0,0
70.32,-0.48574173,5.2384996,7.984257,1002.7644,0,0
70.36,-0.35190982,5.4196290000000005,8.282524,1002.7365,0,0
70.4,-0.3614707,5.3814964000000005,8.211508,1002.7439,0,0
70.44,-0.34235528,5.333831299999999,8.5713215,1002.78156,0,0
70.48,-0.4570718,5.3242984,8.741761,1002.8293,0,0
70.52,-0.61958647,5.429163,7.345111,1002.79675,0,0
70.56,-0.29934213,5.3719645,8.523977,1002.69885,0,0
70.6,-0.7199673000000001,5.2718663,7.979520299999999,1002.75146,0,0
70.64,-0.06513679,5.5435605,8.069474000000001,1002.77905,0,0
70.68,-0.5765796,5.805721,5.839569,1002.8218,0,0
70.72,-0.17507866,5.3671975,9.470858,1002.7089,0,0
70.76,-1.1214824,5.124104,6.7580433000000015,1002.7368,0,0
70.8,-0.06514821,5.519727,8.912197,1002.78406,0,0
70.84,-0.58137083,5.0812044,7.738065,1002.76404,0,0
70.88,-0.51445484,5.195602,7.37825,1002.8046,0,0
70.92,-0.19899032,5.3862643,8.481366,1002.75146,0,0
70.96,-0.34238696,5.343365,7.9842534,1002.78424,0,0
71.0,-0.54314256,5.2051352999999985,8.339334,1002.7866,0,0
71.04,-0.44276917,5.3338323,8.116816,1002.77405,1,2
71.08,-0.44276917,5.3338323,8.116816,1002.789,1,2
71.12,-0.4571124,5.200369,8.154691,1002.764,1,2
71.16,-0.40931565,5.233735,8.083674,1002.7563,1,2
71.2,-0.25158593,5.410097,8.1973,1002.7941,1,2
71.24,-0.19900934,5.3814980000000014,8.173627999999999,1002.769,1,2
71.28,-0.32328677,5.257568,8.244643,1002.78156,1,2
71.32,-0.28505093,5.314766400000001,7.951110400000001,1002.76385,1,2
71.36,-0.09386128,5.534028,8.031594,1002.7764,1,2
71.4,-0.2420377,5.3290663,8.178361,1002.75635,1,2
71.44,-0.14644417,5.0955048,8.249377,1002.7615,1,2
71.48,0.17857997,5.4482303,8.050531,1002.78406,1,2
71.52,0.431907,5.5149620000000015,8.131016,1002.77905,1,2
71.56,0.111657634,5.262335,8.789099,1002.78424,1,2
71.6,-0.5097194,5.5054292999999985,7.652841,1002.75397,1,2
71.64,-0.8726480999999999,5.8629127,7.6623406,1002.77405,1,2
71.68,-1.0877346,5.6770167,8.140516,1002.7714,1,2
71.72,-1.1785485,5.81048,7.7570295,1002.75146,1,2
71.76,-1.3028163,6.3300347000000015,7.274121000000001,1002.79425,1,2
71.8,-1.4223065,5.7818809999999985,8.358299,1002.80927,1,2
71.84,-1.1498529,5.586452,9.016382,1002.769,1,2
71.88,-1.1116096000000002,5.634117,7.695483999999999,1002.76654,1,2
71.92,-1.0160089,5.7580475999999985,7.302528999999999,1002.76654,1,2
71.96,-0.9108483,5.700849,7.6907505999999985,1002.7313,1,2
72.0,-0.62405527,6.0678735,6.2798986,1002.7514,1,2
72.04,-0.18430854,6.2251697,7.8327837,1002.8022,1,2
72.08,-1.1020261,5.5816846,10.001141,1002.7714,1,2
72.12,-0.24165423,6.2490025000000005,9.238903,1002.7742,1,2
72.16,-0.34202537,5.839078,8.694447,1002.7491,1,2
72.2,-0.2655437,5.128861,8.864885000000003,1002.7339,1,2
72.24,-0.32289654,4.151717,8.680244,1002.75433,1,2
72.28,-0.16994049,3.937222,8.462462,1002.7644,1,2
72.32,0.20288903,4.0659184,8.694448,1002.7541,1,2
72.36,0.33672592,4.180316,8.519275,1002.772,1,2
72.4,0.16466017,4.661738,6.2372932,1002.7695,1,2
72.44,0.8625139000000001,5.0954947,6.6823273,1002.8245,1,2
72.48,1.2688019,4.7427692000000015,9.44722,1002.7743,1,2
72.52,0.4132242999999999,4.966797,7.3025354999999985,1002.7594,1,2
72.56,0.40366706,5.4386864,7.259926299999999,1002.7821,1,2
72.6,0.20236751,6.17275,6.6538725,1002.79193,1,2
72.64,0.2214778,6.2347155,6.9047947,1002.77936,1,2
72.68,0.19277237,6.9449324999999975,9.27673,1002.78687,1,2
72.72,-0.38082182,6.2728486,9.267259,1002.75433,1,2
72.76,-1.1694983,5.78666,8.400861,1002.7567,1,2
72.8,-0.48123324,6.2633166,8.8743,1002.7872,1,2
72.84,-0.4669027,6.592209,8.883768,1002.7544,1,2
72.88,-1.279496,4.6808205,8.126261,1002.8148,1,2
72.92,-0.76806587,4.0897675000000016,8.509747,1002.7846,1,2
72.96,-0.8636796999999998,3.0315921,8.505011,1002.729,1,2
73.0,-2.1781433,3.5320814,6.2845736,1002.7594,1,2
73.04,-2.789967,3.5511477,6.805357000000001,1002.7924,1,2
73.08,-1.690639,4.4043617,9.039994,1002.7569,1,2
73.12,-0.5243935000000001,5.319541,8.069436999999999,1002.7695,1,2
73.16,-0.5243935000000001,5.319541,8.069436999999999,1002.75726,1,2
73.2,-1.0501983999999998,4.819053599999998,7.8847938,1002.7573,1,2
73.24,-0.5961349,5.214678299999999,7.004192999999999,1002.7951,1,2
73.28,-0.7156566999999999,5.6103034,8.183057000000002,1002.7594,1,2
73.32,-0.73000497,5.772366000000001,8.097837,1002.7521,1,2
73.36,-1.2032322,6.2728557999999985,8.159382,1002.73193,1,2
73.4,-1.4804697,6.1155589999999975,8.003146000000001,1002.77466,1,2
73.44,-1.6430008000000005,5.9248977,9.39506,1002.75964,1,2
73.48,-1.3849091999999998,5.300479,9.45187,1002.7544,1,2
73.52,0.45050898,4.709427,11.014221,1002.79987,1,2
73.56,0.45050898,4.709427,11.014221,1002.7395,1,2
73.6,0.5413074999999999,4.185105999999998,8.452907000000002,1002.7373,1,2
73.64,-0.41900668,4.461556,7.510799400000002,1002.7473,1,2
73.68,-0.5767401999999999,4.618852,6.9284678,1002.73724,1,2
73.72,-0.32819040000000005,4.9477444,6.8811240000000025,1002.80536,1,2
73.76,-0.78705156,5.100274,8.225694,1002.7475,1,2
73.8,-1.2459127,5.3672013,7.222001,1002.77246,1,2
73.84,-1.2937108,4.9620440000000015,8.656525,1002.78,1,2
73.88,-0.9973629,4.795214,8.590243,1002.7599,1,2
73.92,-0.9639043,4.9572783,8.623384,1002.7473,1,2
73.96,-1.4896828000000002,4.542587,9.139435,1002.75745,1,2
74.0,-1.8959659,4.089764,8.860105,1002.76263,1,2
74.04,-1.919865,4.7856817000000005,8.097864999999999,1002.7777,1,2
74.08,-1.3223895,5.267103700000002,10.351442,1002.76996,1,2
74.12,-2.2162127000000003,3.6274083,9.551328,1002.76514,1,2
74.16,-2.3452675,4.4138904000000005,8.334585,1002.7601,1,2
74.2,-2.5125606,4.1135974000000015,8.964262,1002.7475,1,2
74.24,-2.1206167,3.6893737,9.172575,1002.7549,1,2
74.28,-0.9973629,4.6283855,10.588162,1002.76746,1,2
74.32,-0.9973629,4.6283855,10.588162,1002.70483,1,2
74.36,-2.1731946,3.4796453,7.491862299999997,1002.7274,1,2
74.4,-1.2459127,3.8609698,8.476617,1002.7474,1,2
74.44,-0.80139095,4.089764,8.197288,1002.73755,1,2
74.48,-0.9543447,4.5330544,8.088397,1002.7428,1,2
74.52,-2.5938172,4.7189492999999985,8.310913000000001,1002.7148,1,2
74.56,-2.560359,4.728483,8.585509,1002.7579,1,2
74.6,-2.4695427000000003,4.585486,9.792782,1002.74255,1,2
74.64,-1.4274486000000002,5.2575684,9.101568,1002.7629,1,2
74.68,-0.715254,5.195603,10.659187,1002.7476,1,2
74.72,-0.4428014,4.528285,9.035288,1002.7199,1,2
74.76,-0.95423657,3.8371341,9.17732,1002.7373,1,2
74.8,-0.35197565,4.5616508,6.5307884000000005,1002.71497,1,2
74.84,-0.35197565,4.5616508,6.5307884000000005,1002.7474,1,2
74.88,-0.7104531999999999,4.099294,8.599724,1002.7651,1,2
74.92,-0.7104531999999999,4.099294,8.599724,1002.7328,1,2
74.96,-0.23246533,5.2766337,7.761735000000002,1002.7424,1,2
75.0,-0.23246533,5.2766337,7.761735000000002,1002.7652,1,2
75.04,-0.43799117,5.0669055,8.912196,1002.7202,1,2
75.08,-0.18943755,4.6855803,7.88483,1002.7554,1,2
75.12,0.06867376,4.928675,7.7238607,1002.76794,1,2
75.16,0.14993419,4.861943,8.88379,1002.7577,1,2
75.2,0.30289173,4.7141795,8.235178,1002.7503,1,2
75.24,0.4940877,4.990639,8.675477,1002.7298,1,2
75.28,0.11648698,5.257567,8.244647,1002.7147,1,2
75.32,-0.07948118400000001,5.629358,9.030558,1002.7273,1,2
75.36,-0.8729248,6.0917144,8.784369,1002.70966,1,2
75.4,-0.94939595,6.1536794000000015,9.125247,1002.7652,1,2
75.44,-0.94939595,6.1536794000000015,9.125247,1002.7302,1,2
75.48,-0.3041148,5.1670017,6.9995,1002.72754,1,2
75.52,-0.7486328000000001,4.7046456,8.116819,1002.7353,1,2
75.56,-0.9876192,4.390053,7.1367984,1002.715,1,2
75.6,-0.9876192,4.390053,7.1367984,1002.7503,1,2
75.64,-0.91637266,4.985883,8.1546545,1002.7527,1,2
75.68,-0.7251946,5.0955143,8.358232000000001,1002.7302,1,2
75.72,-0.7969056,5.0478497,8.367701,1002.7503,1,2
75.76,-0.37151694,5.777133,7.330864,1002.71765,1,2
75.8,-0.30939340000000004,5.514972,8.708574,1002.7348,1,2
75.84,-0.6200876999999999,4.8047557,9.518157,1002.7302,1,2
75.88,-0.17558685,5.133649,8.661227,1002.7428,1,2
75.92,-0.18993321,5.133649,8.703837,1002.7449,1,2
75.96,-0.7013861,4.752325,8.012611999999999,1002.70996,1,2
76.0,-0.31423596,4.9143877,8.173581,1002.7403,1,2
76.04,0.02989591,5.295713,7.955797,1002.74255,1,2
76.08,-0.32860333,5.1717830000000005,7.9889364,1002.7401,1,2
76.12,-0.48635775,5.5483413,7.354524599999999,1002.7451,1,2
76.16,-0.23303518,5.5292754,7.4681497000000014,1002.7376,1,2
76.2,-0.23304912,5.3100142,8.315605999999999,1002.7301,1,2
76.24,-0.7636212,5.319547,6.9000179999999975,1002.7704,1,2
76.28,-1.0169648999999998,4.828593,9.4755335,1002.75244,1,2
76.32,-0.92137575,4.852425599999999,9.324032,1002.7252,1,2
76.36,0.3213593,5.7819047,8.154632000000001,1002.74255,1,2
76.4,0.5316568,5.5912422999999984,9.163059,1002.7122,1,2
76.44,-0.03715387,5.133653,8.296661,1002.7577,1,2
76.48,0.010630211,5.467313,7.794813599999999,1002.7602,1,2
76.52,-0.0754202,5.538811,8.116753,1002.73755,1,2
76.56,-0.10889976,5.424415,8.670675,1002.73505,1,2
76.6,0.21639493,5.6150703,8.339293,1002.75006,1,2
76.64,0.541419,5.729468,8.931092,1002.7222,1,2
76.68,0.46015984,5.557872,8.817466,1002.75256,1,2
76.72,0.27852604,5.5245056,8.159384,1002.7274,1,2
76.76,0.092109896,5.514972,8.746449,1002.7449,1,2
76.8,0.092109896,5.514972,8.746449,1002.7325,1,2
76.84,0.13034452,5.6961017,7.174626400000001,1002.7626,1,2
76.88,0.45058885,5.815266,8.680166999999999,1002.75745,1,2
76.92,0.6131009,5.691335,8.500259,1002.70966,1,2
76.96,-0.21381025,4.666526,9.006841,1002.7449,1,2
77.0,-0.09431643,4.761857,7.9936776,1002.7325,1,2
77.04,0.56529397,5.3862762,6.975781,1002.7449,1,2
77.08,0.23548496,5.3910427000000025,7.3829392999999985,1002.75256,1,2
77.12,-0.09910385,5.2385125,7.1651570000000016,1002.7697,1,2
77.16,0.010829125,5.5864715999999985,7.4302826,1002.77246,1,2
77.2,-0.43847495,5.043084,9.271966,1002.77747,1,2
77.24,-0.103891246,5.600771400000001,8.959495,1002.888,1,2
77.28,-0.7396077,6.3634205,5.1956434,1003.00616,1,2
77.32,-0.6153366,5.729469,9.499217,1002.7573,1,2
77.36,-0.57709944,5.5054407,8.940557499999997,1002.5765,1,2
77.4,-1.3179729,5.1431822999999985,8.4907875,1002.6567,1,2
77.44,-0.5436459,5.6150712999999985,10.199908,1002.73975,1,2
77.48,-0.3333358,5.7723675000000005,10.233049,1002.7146,1,2
77.52,-0.8208783000000002,5.138416,7.3924055,1002.72687,1,2
77.56,-0.6392495,5.4387093,7.8847837,1002.75726,1,2
77.6,-0.64871806,5.0478489999999985,8.419779,1002.747,1,2
77.64,-0.72041446,5.0383162000000015,8.25881,1002.75726,1,2
77.68,-0.7108536,5.162246,7.5628524000000015,1002.72437,1,2
77.72,-0.2950095,5.362442,7.927401,1002.75964,1,2
77.76,-0.43362182,5.386275,8.239873,1002.7544,1,2
77.8,-0.26632747,5.3910413,8.306155,1002.77216,1,2
77.84,-0.1516109,5.6055355,8.372436,1002.7695,1,2
77.88,-0.39538023,5.400574,8.249342,1002.7771,0,0
77.92,-0.42405716,5.443473,7.998419,1002.7693,0,0
77.96,-0.3475797,5.5245047,7.970012700000002,1002.73926,0,0
78.0,-0.610467,5.1288800000000005,8.036294,1002.7567,0,0
78.04,-0.47663188,5.2957096,7.9037304000000015,1002.7846,0,0
78.08,-0.16594334,5.548337,7.941606,1002.73413,0,0
78.12,-0.33323583,5.3624415,7.813777,1002.7441,0,0
78.16,-0.34279355,5.4673057,8.277749,1002.76917,0,0
78.2,-0.41926914,5.200378400000001,7.7664332,1002.7821,0,0
78.24,-0.47662553,5.3100095000000005,8.11678,1002.7745,0,0
78.28,-0.44794542,5.3290753,7.870589999999999,1002.72156,0,0
78.32,-0.35234806,5.371975,8.216202000000001,1002.7593,0,0
78.36,-0.26630968,5.367208,7.865856599999999,1002.7567,0,0
78.4,-0.18983218,5.3862742999999975,7.723824499999999,1002.777,0,0
78.44,-0.44794035,5.267109400000002,8.287219,1002.7745,0,0
78.48,-0.31888372,5.5197377,8.102576,1002.73914,0,0
78.52,-0.2089476,5.5578699999999985,8.609158,1002.7668,0,0
78.56,-0.32366166,5.257577,8.812737,1002.777,0,0
78.6,-0.34278023,5.462538200000001,8.282484,1002.767,0,0
78.64,-0.3134198,5.362424400000001,8.377234,1002.7368,0,0
78.68,-0.50936383,5.190828,7.922735,1002.75684,0,0
78.72,-0.5093499,5.147928,8.026893,1002.7441,0,0
78.76,-0.35636827,5.1860595,8.557149,1002.7719,0,0
78.8,-0.26074424,5.219425,7.9748197,1002.7567,0,0
78.84,-0.2511567,5.138393,8.63764,1002.782,0,0
78.88,-0.23677547,5.319521400000001,7.9511538,1002.7594,0,0
78.92,-0.4040546,5.1765246,8.183141,1002.7718,0,0
78.96,-0.26541236,5.2623215,8.339379,1002.76416,0,0
79.0,-0.31318247,5.3957844,8.202084,1002.78937,0,0
79.04,-0.41831028,5.1240907,8.268367999999999,1002.7846,0,0
79.08,-0.12671427,5.2909190000000015,8.344121000000001,1002.7718,0,0
79.12,-0.24140164,5.152688,8.557172999999999,1002.7467,0,0
79.16,-0.1601171,5.2670846,7.7428565,1002.73926,0,0
79.2,-0.21744682,5.238485,8.419879,1002.7365,0,0
79.24,-0.32256064,5.0668874000000015,8.055333000000001,1002.78424,0,0
79.28,-0.20303759,5.07642,8.292057000000002,1002.7846,0,0
79.32,-0.20303759,5.07642,8.292057000000002,1002.7619,0,0
79.36,-0.15521164,5.20035,7.97012,1002.7619,0,0
79.4,-0.26032543,5.1669827,8.301530999999999,1002.7644,0,0
79.44,-0.14080243,5.2384806,8.320472,1002.7718,0,0
79.48,0.0026196209,5.1812816,8.320475,1002.7693,0,0
79.52,-0.20287007,5.1765137,8.926482,1002.777,0,0
79.56,-0.3844747,5.0954814000000015,7.9559317,1002.7693,0,0
79.6,-0.39451253,4.9763293,8.315702,1002.7619,0,0
79.64,-0.48054522,5.0764265,7.941685,1002.74194,0,0
79.68,-0.5235559000000001,5.267089,7.581871499999999,1002.7768,0,0
79.72,-0.24631576,5.5769142999999985,8.258892,1002.74677,0,0
79.76,-0.41838497,5.448217400000001,8.3677845,1002.77936,0,0
79.8,-0.49963018,5.2813883000000015,8.552425999999999,1002.76166,0,0
79.84,-0.5187456,5.1622233,8.528754,1002.7668,0,0
79.88,-0.3610007,5.1765237,8.135799,1002.7668,0,0
79.92,-0.3610007,5.1765237,8.135799,1002.75934,0,0
79.96,-0.4279103,4.8571634,8.140535,1002.76416,0,0
80.0,-0.25104997,5.0859585,8.017441999999999,1002.7418,0,0
80.04,-0.19846071,5.2051225,8.107396000000001,1002.7743,0,0
80.08,-0.22235595,5.205122,8.216288,1002.77936,0,0
80.12,-0.12197244,5.405317299999999,8.566634,1002.7491,0,0
80.16,-0.22712056,5.2813864,8.107398,1002.7467,0,0
80.2,-0.26057154,5.2003546,8.434072500000001,1002.78186,0,0
80.24,-0.25578412,5.2766194,8.131072,1002.7743,0,0
80.28,-0.30357456,5.124089700000002,8.334652,1002.73926,0,0
80.32,-0.17451231,5.200354,8.088463,1002.7441,0,0
80.36,-0.20796332,5.376717,8.126339999999999,1002.7745,0,0
80.4,-0.38958824,5.1383886,8.533499,1002.75934,0,0
80.44,-0.24618271,5.1812873,8.277842,1002.7718,0,0
80.48,-0.21750010000000009,5.1717544,8.301515,1002.7746,0,0
80.52,-0.22705214,5.209886599999999,8.045856,1002.7745,0,0
80.56,-0.09798979,5.2432523,8.249437,1002.7821,0,0
80.6,-0.15533985,5.171753400000001,8.70394,1002.78937,0,0
80.64,-0.17991413,5.352899,7.9842496,1002.7567,0,0
80.68,-0.16081399,5.1574707,7.7001834,1002.7644,0,0
80.72,-0.28509840000000003,5.0335410000000005,8.183092,1002.73926,0,0
80.76,-0.25644806,5.357667,7.813806,1002.7645,0,0
80.8,-0.10350388,5.538797,7.771195,1002.7645,0,0
80.84,-0.57672346,5.2194379999999985,8.623386,1002.7542,0,0
80.88,-0.48114645,5.109807,8.613914999999999,1002.73413,0,0
80.92,-0.4046981,5.133641000000001,8.486084,1002.7695,0,0
80.96,-0.48596427,5.071676,8.325113,1002.7569,0,0
81.0,-0.42384583,5.2766385,7.747514,1002.767,0,0
81.04,-0.22311312,5.0764437,8.684924,1002.7619,0,0
81.08,-0.089307174,5.2003746,8.339311,1002.7495,0,0
81.12,-0.046298414,5.1813087,8.074183,1002.757,0,0
81.16,-0.03197805,5.2814074,7.709632000000001,1002.767,0,0
81.2,-0.055886574,5.267107,8.268290499999999,1002.7517,0,0
81.24,0.034910697000000004,5.1622434,8.9027,1002.7718,0,0
81.28,0.12091859,5.367206,8.438725,1002.772,0,0
81.32,-0.5052547000000001,4.7618537000000005,8.6423025,1002.76416,0,0
81.36,-0.21848552,5.0859804,7.9037337,1002.7846,0,0
81.4,-0.22328438,4.990649,8.216203,1002.7593,0,0
81.44,-0.25197265,4.9763503,8.093107,1002.76166,0,0
81.48,-0.38105592,5.233745,8.362966,1002.7567,0,0
81.52,-0.49578068,5.2003794,8.211464999999999,1002.7845,0,0
81.56,-0.37631413,5.167014,8.883747,1002.762,0,0
81.6,-0.5329710999999999,4.9715586,8.268373,1002.74945,0,0
81.64,-0.56162447,4.9477253,8.353595,1002.7265,0,0
81.68,-0.4994617,5.2861505,7.790203,1002.7517,0,0
81.72,-0.47553733,5.190819,8.3536,1002.7542,0,0
81.76,-0.57588786,5.238483400000002,8.339398,1002.7768,0,0
81.8,-0.49461848,5.414846,8.339399,1002.76416,0,0
81.84,-0.57584983,5.4625106,7.979586599999997,1002.76685,0,0
81.88,-0.6809928000000001,5.35288,8.036401,1002.7621,0,0
81.92,-0.80521697,5.1336164,8.542987,1002.75934,0,0
81.96,-0.6665773,5.190815,7.922782400000001,1002.7192,0,0
82.0,-0.45624053,5.3671765,7.8423,1002.7693,0,0
82.04,-0.484894,5.20988,8.519321000000001,1002.777,0,0
82.08,-0.59002435,5.138381,7.922789,1002.7493,0,0
82.12,-0.28409153,5.433907,8.079025999999999,1002.7467,0,0
82.16,-0.32231727,5.376708,8.079028,1002.7493,0,0
82.2,-0.18367757,5.405307,8.150046000000001,1002.79193,0,0
82.24,-0.3652720999999999,5.3624067,7.918064599999999,1002.7718,0,0
82.28,-0.32700828,5.3195066,8.031692,1002.7795,0,0
82.32,-0.25529855,5.348106400000002,7.875458,1002.7845,0,0
82.36,-0.27439243,5.3481054000000015,8.107446000000001,1002.7744,0,0
82.4,-0.3508566,5.290906400000001,8.121651,1002.76166,0,0
82.44,-0.34605142,5.305205,7.870729400000001,1002.7821,0,0
82.48,-0.34602606,5.267072,8.306297,1002.79205,0,0
82.52,-0.2217258,5.405302,8.131126,1002.7745,0,0
82.56,-0.27905807,5.4339004,7.974892999999999,1002.777,0,0
82.6,-0.41285455,5.257537,8.396258999999999,1002.7594,0,0
82.64,-0.4654197,5.2623034,8.178477,1002.74945,0,0
82.68,-0.35067904,5.4148326,8.183213,1002.7418,0,0
82.72,-0.29806320000000003,5.4672637,7.875481,1002.75934,0,0
82.76,-0.43666476,5.376699,8.202156,1002.7619,0,0
82.8,-0.48921725,5.267067,8.533567,1002.76685,0,0
82.84,-0.5752284000000001,5.2813663,7.9938474,1002.78186,0,0
82.88,-0.45655864,5.3671846,7.899083,1002.76166,0,0
82.92,-0.48523948,5.309986,8.448274000000001,1002.7744,0,0
82.96,-0.48046172,5.333819,8.135803,1002.7794,0,0
83.0,-0.4183263,5.3671846,7.918021,1002.777,0,0
83.04,-0.40876767,5.3481190000000005,8.121599,1002.75903,0,0
83.08,-0.3370736,5.376718,7.8564729999999985,1002.7845,0,0
83.12,-0.26537856,5.4196167,7.9843016,1002.76654,0,0
83.16,-0.3992151,5.248021,8.344116,1002.7816,0,0
83.2,-0.2223654,5.219422,8.490882000000001,1002.7566,0,0
83.24,0.021402575,5.391018,7.880144599999999,1002.7714,0,0
83.28,0.1313371,5.5769134000000005,8.074255,1002.7942,0,0
83.32,0.050079435,5.5149484000000015,8.173677,1002.76666,0,0
83.36,-0.36576653,5.1383905,8.732337,1002.76654,0,0
83.4,-0.38010794,5.3576517,7.7949243,1002.76404,0,0
83.44,-0.4231292,5.224189,8.363052,1002.77405,0,0
83.48,-0.38489276,5.3528852,8.363052,1002.7891,0,0
83.52,-0.32753614,5.362419,8.183145,1002.7361,0,0
83.56,-0.069429785,5.4243846,8.50035,1002.76373,0,0
83.6,-0.14112782,5.419617700000001,7.941689999999999,1002.7691,0,0
83.64,-0.5617535,5.085959,8.154736999999999,1002.7714,0,0
83.68,-0.59999305,5.062126,8.263629,1002.7565,0,0
83.72,-0.5330768,5.147924,8.078987,1002.7764,0,0
83.76,-0.47572115,5.3147535,8.069517,1002.76874,0,0
83.8,-0.5665404,5.214655400000002,8.235223,1002.7761,0,0
83.84,-0.47572616,5.2384887,8.632912,1002.78894,0,0
83.88,-0.480507,5.252788,8.538223,1002.7512,0,0
83.92,-0.45207044,5.1622295,8.443514,1002.74335,0,0
83.96,-0.5381239999999999,5.2527947,8.036353,1002.76373,0,0
84.0,-0.37084225,5.1240983,8.329885,1002.74615,0,0
84.04,-0.370848,5.0669,8.135774000000001,1002.751,0,0
84.08,-0.2896085,5.1383986,8.779652,1002.7535,0,0
84.12,-0.71502244,5.367193,7.274109399999999,1002.7785,0,0
84.16,-0.70546854,5.381493,7.932191400000002,1002.766,0,0
84.2,-0.70548,5.433925,8.007941,1002.7713,0,0
84.24,-0.49041158,5.6436543,8.083689,1002.78357,0,0
84.28,-0.32790393,5.591223,8.334612,1002.78107,0,0
84.32,-0.20841458,5.4672923,8.874334,1002.8039,0,0
84.36,-0.4139576,5.2241983,7.8232946,1002.74585,0,0
84.4,-0.38050464,5.338596,7.335650999999999,1002.766,0,0
84.44,-0.30403918,5.2289653,8.36775,1002.7835,0,0
84.48,-0.08418535,5.276631,8.03634,1002.7885,0,0
84.52,-0.112881325,5.2003665,7.9132441999999985,1002.7734,0,0
84.56,-0.103327386,5.281399,7.8943057,1002.7888,0,0
84.6,-0.02686764,5.3004646,8.050539,1002.7911,0,0
84.64,-0.036438674,5.595992,7.818553,1002.75867,0,0
84.68,-0.18939808,5.500660400000001,7.8706303,1002.7834,0,0
84.72,-0.51922166,5.157469,8.661275,1002.7812,0,0
84.76,-0.528787,5.0621386,8.202038,1002.7938,0,0
84.8,-0.21333134,5.4148635999999986,8.01266,1002.7863,0,0
84.84,-0.2659263,5.429164,8.230441,1002.7834,0,0
84.88,-0.17001957,5.438689,8.168921000000001,1002.7733,0,0
84.92,-0.088761605,5.4815884000000015,8.462455,1002.7834,0,0
84.96,-0.17001764,5.4148564000000015,8.438783,1002.7733,0,0
85.0,-0.42334595,5.152696,8.102641,1002.773,0,0
85.04,-0.036179967,5.386257,8.074233999999999,1002.773,0,0
85.08,-0.27516890000000005,5.2194276,8.050563,1002.76544,0,0
85.12,-0.256049,5.1908283,8.211533,1002.7808,0,0
85.16,-0.18435004,5.410089,7.8990617,1002.78326,0,0
85.2,-0.26082566,5.2909255,8.353565,1002.7806,0,0
85.24,-0.107870705,5.2909255,8.315689,1002.8061,0,0
85.28,-0.08875082,5.491121,8.244674,1002.7705,0,0
85.32,-0.07918929,5.429156,7.960609,1002.7553,0,0
85.36,-0.3277378,5.3147583,8.159454,1002.7906,0,0
85.4,-0.28471836,5.271859,8.074235,1002.778,0,0
85.44,-0.14132360000000002,5.3957896,7.974813,1002.77795,0,0
85.48,-0.19868058,5.3814898,8.041095,1002.78296,0,0
85.52,-0.06962337,5.3862567000000015,8.183127,1002.8056,0,0
85.56,-0.09352176,5.410089,8.367769000000001,1002.76764,0,0
85.6,-0.0074833953,5.4100885000000005,8.088439,1002.8332,0,0
85.64,-0.0074833953,5.4100885000000005,8.088439,1002.8207,0,0
85.68,-0.35162738,5.405323,9.3004465,1002.77783,0,0
85.72,-0.8535055,5.1479287000000005,6.9048380000000025,1002.7931,0,0
85.76,-0.38508278,5.3195242999999985,9.234166,1002.8332,0,0
85.8,-0.6670906,5.8629117,6.189943,1002.8256,0,0
85.84,0.20283495,5.9105773,8.670772,1002.6849,0,0
85.88,-0.9724284,5.1383815,6.4456534,1002.7198,0,0
85.92,0.27512455,5.314743,8.969092,1002.7601,0,0
85.96,-0.51828676,5.4911056,7.1605539999999985,1002.73987,0,0
86.0,-0.35098156,5.257543599999999,7.274181,1002.7627,0,0
86.04,-0.11196728,5.362407,8.486191,1002.80023,0,0
86.08,-0.23143825,5.2051105,8.623491,1002.7651,0,0
86.12,-0.19317567,5.4434375999999975,8.026958,1002.7902,0,0
86.16,-0.15969302,5.400538,8.06957,1002.77264,0,0
86.2,-0.09753146,5.4768023,7.8517885,1002.78265,0,0
86.24,-0.107079,5.39577,8.20687,1002.8077,0,0
86.28,-0.28868744,5.1908080000000005,8.235279,1002.78,0,0
86.32,0.050702725,5.5006332,7.9748893,1002.7876,0,0
86.36,-0.17391194,5.3290367,8.306301,1002.7952,0,0
86.4,-0.23603731,5.319503,8.150066,1002.78265,0,0
86.44,-0.21211417,5.2956699999999985,7.9701614,1002.8026,0,0
86.48,-0.26466793,5.319502,8.377322,1002.77,0,0
86.52,-0.049540583,5.4767975999999985,8.079058,1002.7927,0,0
86.56,-0.11644577,5.424365,8.154810000000001,1002.7873,0,0
86.6,-0.25025618,5.324267,8.135874000000001,1002.76764,0,0
86.64,-0.20721391,5.3194995,8.135876,1002.8003,0,0
86.68,-0.21673734,5.491095,8.121675999999999,1002.78467,0,0
86.72,-0.31710115,5.4434285,7.695581,1002.7672,0,0
86.76,-0.18801032,5.405295400000001,8.083806,1002.78253,0,0
86.8,-0.25968328,5.2908974,8.348935,1002.76746,0,0
86.84,-0.23577225,5.2861304,8.372607,1002.7898,0,0
86.88,-0.2500875,5.5149245,8.325265,1002.7694,0,0
86.92,-0.27875432,5.5482907,8.107485,1002.7722,0,0
86.96,-0.4077909,5.219398,8.145361999999999,1002.76965,0,0
87.0,-0.27871278,5.38146,8.121692,1002.76465,0,0
87.04,-0.3408268,5.4148254,8.112226,1002.7976,0,0
87.08,-0.24520725,5.2098627,8.386822,1002.7873,0,0
87.12,-0.24996367,5.329026,8.131166,1002.78754,0,0
87.16,-0.08742692,5.424357,8.012808999999999,1002.77264,0,0
87.2,-0.2977149000000001,5.195561,7.932326299999999,1002.775,0,0
87.24,-0.18297611,5.4767876,7.733483,1002.74713,0,0
87.28,-0.106464185,5.2622914000000005,8.4673195,1002.7927,0,0
87.32,-0.12078009,5.410054,7.927599000000002,1002.7847,0,0
87.36,-0.03951175,5.5149183,7.5062380000000015,1002.76965,0,0
87.4,-0.07772676,5.4577193,8.614091,1002.78503,0,0
87.44,-0.24021661,5.4195857000000025,7.799775,1002.8001,0,0
87.48,0.017904464,5.5864153,8.173795,1002.775,0,0
87.52,-0.06809688,5.5006166,8.064906,1002.7775,0,0
87.56,0.0131832305,5.553048,7.927610400000002,1002.775,0,0
87.6,-0.06328193,5.4720163,8.064910000000001,1002.76764,0,0
87.64,-0.27833796,5.3337855,7.9702244,1002.775,0,0
87.68,-0.13970020000000002,5.3909835999999975,8.008102000000001,1002.79254,0,0
87.72,-0.15402794,5.462481,8.202213,1002.76764,0,0
87.76,-0.21136215,5.4243484,8.031777,1002.77264,0,0
87.8,-0.15398109,5.486313,8.088593,1002.78,0,0
87.84,-0.22565472,5.3576155,8.282703999999999,1002.7876,0,0
87.88,-0.06789776,5.5864096,7.6530312999999985,1002.76465,0,0
87.92,-0.18736942,5.54351,7.96077,1002.775,0,0
87.96,-0.19212581,5.457711,8.1690855,1002.7976,0,0
88.0,-0.32726368,5.4434432999999975,7.695525999999999,1002.7952,0,0
88.04,-0.3559704,5.438678,8.273121000000002,1002.7876,0,0
88.08,-0.2890671,5.462511,7.9606485,1002.78265,0,0
88.12,-0.16002633,5.524476,7.875428,1002.80023,0,0
88.16,-0.3560401,5.419613,8.15002,1002.76996,0,0
88.2,-0.29872423,5.4243812999999985,8.263641999999999,1002.80023,0,0
88.24,-0.3035319,5.4863467,7.700245,1002.76215,0,0
88.28,-0.26530737,5.4815807,8.0505905,1002.75757,0,0
88.32,-0.2892343,5.40055,8.135806,1002.7952,0,0
88.36,-0.16976708,5.500648,8.055319,1002.7601,0,0
88.4,-0.23671223,5.4148507000000015,8.02691,1002.77264,0,0
88.44,-0.188942,5.529249,7.970095599999999,1002.76245,0,0
88.48,-0.27500638,5.414852,8.268359,1002.7651,0,0
88.52,-0.2702544,5.443452,8.135794,1002.77246,0,0
88.56,-0.23205782,5.4243875,8.244682000000001,1002.7901,0,0
88.6,-0.2225261,5.4911194000000005,7.8327856,1002.7675,0,0
88.64,-0.34204903,5.3242908,8.306224,1002.7951,0,0
88.68,-0.29426497,5.419622,8.145252000000001,1002.8027,0,0
88.72,-0.1795775,5.505421,8.178390499999999,1002.79034,0,0
88.76,-0.16525204,5.514954,8.282546,1002.7951,0,0
88.8,-0.22741738,5.572154,7.662337,1002.76764,0,0
88.84,-0.28003702,5.2051300000000005,8.486119,1002.78015,0,0
88.88,-0.17967501,5.3528934,8.415102000000001,1002.75745,0,0
88.92,-0.15102412,5.3671937000000005,7.387734,1002.7927,0,0
88.96,-0.40851137,5.3719454,7.4304004,1002.8079,0,0
89.0,-0.676181,5.2766137,7.605573,1002.7499,0,0
89.04,-0.341596,5.3814783,8.410422,1002.7901,0,0
89.08,-0.28423962,5.2480145,8.614001,1002.78265,0,0
89.12,-0.0739295,5.424377400000001,8.0032625,1002.77,0,0
89.16,-0.32248122,5.3719454,7.761808,1002.75244,0,0
89.2,-0.46587598,5.2480145,7.482477999999999,1002.7725,0,0
89.24,-0.42763877,5.348113,7.757073399999999,1002.775,0,0
89.28,-0.22210915,5.367178400000001,8.320466999999999,1002.75745,0,0
89.32,-0.05481729,5.5530744000000025,7.979590400000001,1002.7725,0,0
89.36,-0.05481729,5.5530744000000025,7.979590400000001,1002.78,0,0
89.4,-0.3081488,5.195583,7.662385,1002.7626,0,0
89.44,-0.43720412,5.04782,7.525086999999999,1002.78015,0,0
89.48,-0.34639043,5.238482,7.5866337,1002.7601,0,0
89.52,-0.37984967,5.2480150000000005,7.7097286999999985,1002.78284,0,0
89.56,-0.2412366,5.3147470000000006,7.842292,1002.7752,0,0
89.6,-0.20777927,5.276614,7.700259700000001,1002.7626,1,3
89.64,-0.27947763,5.195583,7.326241499999999,1002.74994,1,3
89.68,-0.23646066,5.0811853,7.359381699999999,1002.7851,1,3
89.72,-0.3416176,5.052586,7.534555,1002.77264,1,3
89.76,-0.27948144,5.2051163,7.312038,1002.8028,1,3
89.8,-0.25080383,5.214649700000002,7.884900999999997,1002.77783,1,3
89.84,-0.11697059,5.3242807,7.714461999999997,1002.8128,1,3
89.88,-0.15043053,5.2956815000000015,7.1984119999999985,1002.7852,1,3
89.92,-0.39420176,5.0287533,7.7002587,1002.7651,1,3
89.96,-0.39420176,5.0287533,7.7002587,1002.79535,1,3
90.0,-0.43728817,5.214651,7.0800456999999986,1002.8053,1,3
90.04,-0.33691420000000005,5.1908183,7.3262342999999985,1002.8077,1,3
90.08,-0.16484699,5.1717525,7.6907825,1002.7876,1,3
90.12,-0.09315182,5.3624144,7.3972497000000015,1002.8229,1,3
90.16,-0.30346698,5.1050205,7.714453999999999,1002.7877,1,3
90.2,-0.34649286,5.1717525,7.4587955,1002.7952,1,3
90.24,-0.22221985,5.157453,7.435123399999997,1002.83044,1,3
90.28,-0.25568032,5.114554,7.662375,1002.83044,1,3
90.32,-0.39429846,5.0716553,7.293091,1002.8279,1,3
90.36,-0.102734245,5.2909169999999985,7.2220745,1002.8178,1,3
90.4,-0.5090214,4.9524913,8.263643,1002.7927,1,3
90.44,-0.2652552,5.1955857000000005,7.3546369999999985,1002.84033,1,3
90.48,-0.32261664,5.1574535,7.728655000000002,1002.8407,1,3
90.52,-0.184008,5.2003527,7.539277999999999,1002.8329,1,3
90.56,-0.24614735,5.228952400000002,7.326230000000002,1002.8178,1,3
90.6,-0.12665607,5.381482,7.0942435,1002.84796,1,3
90.64,-0.19835694,5.271851,7.491933299999999,1002.85046,1,3
90.68,-0.22703959,5.414848,7.7902,1002.8329,1,3
90.72,-0.18402703,5.238486,7.6244955,1002.8832,1,3
90.76,-0.40868166,5.2861514000000005,8.074264,1002.8632,1,3
90.8,-0.3274288,5.281385,7.5629478,1002.853,1,3
90.84,-0.21749520000000008,5.348117,7.671838799999999,1002.8679,1,3
90.88,-0.31309506,5.2909180000000005,8.007981,1002.82025,1,3
90.92,-0.4325920999999999,5.2051206,7.9085584,1002.8629,1,3
90.96,-0.28030409999999994,5.3100010000000015,7.7664657,1002.8704,1,3
91.0,-0.21341726,5.3957996,8.02212,1002.8731,1,3
91.04,-0.18476887,5.538797,7.525005,1002.86053,1,3
91.08,-0.40468553,5.3958010000000005,7.9179573,1002.8831,1,3
91.12,-0.34256333,5.4053345,8.04105,1002.8727,1,3
91.16,-0.39517155,5.2814054000000015,7.846936,1002.88275,1,3
91.2,-0.33304933,5.414869,7.5249953,1002.893,1,3
91.24,-0.14666744,5.572166,7.799588000000001,1002.8802,1,3
91.28,-0.33789,5.371972,8.12626,1002.8904,1,3
91.32,-0.2375446,5.524502,7.894271000000002,1002.89026,1,3
91.36,-0.29015288,5.5388026,8.083644,1002.91296,1,3
91.4,-0.28062370000000003,5.54357,7.809046,1002.92035,1,3
91.44,-0.44316742,5.5197377,8.183061,1002.938,1,3
91.48,-0.41929886,5.567404,7.870587299999999,1002.9485,1,3
91.52,-0.35241205,5.5483384,8.419775,1002.9203,1,3
91.56,-0.467173,5.553106,7.728548,1002.93304,1,3
91.6,-0.46240842,5.6150720000000005,7.6669993,1002.9355,1,3
91.64,-0.30472055,5.462543,8.130967,1002.9379,1,3
91.68,-0.20437512,5.6246066,7.927385000000001,1002.9405,1,3
91.72,-0.34301984,5.500677,7.9557886,1002.9731,1,3
91.76,-0.3812887,5.5435767,7.88477,1002.97064,1,3
91.8,-0.36697972,5.5292783,8.130956,1002.97296,1,3
91.84,-0.36697972,5.5292783,8.130956,1002.9552,1,3
91.88,-0.3479062,5.5054464,7.913169,1003.00104,1,3
91.92,-0.31447800000000004,5.5864787000000025,8.173559,1002.9957,1,3
91.96,-0.31928825,5.505448,8.064665,1002.9605,1,3
92.0,-0.27428377,5.5530643,7.918080000000002,1002.9678,1,3
92.04,-0.27903995,5.5387645,7.553533,1002.98035,1,3
92.08,-0.2933322,5.4529653,8.235291499999999,1002.99054,1,3
92.12,-0.26458254,5.638859,7.790264,1003.0104,1,3
92.16,-0.31713676,5.56736,7.9228296,1002.9979,1,3
92.2,-0.3218458,5.5149264,8.240041,1003.0003,1,3
92.24,-0.2740006,5.567357,8.045935,1003.0003,1,3
92.28,-0.16404155,5.615022,8.112219,1003.00287,1,3
92.32,-0.29304904,5.4958572,7.8849716,1003.02826,1,3
92.36,-0.40291372,5.5196886,7.9181194,1003.0255,1,3
92.4,-0.43154532,5.476788,8.4105015,1003.05316,1,3
92.44,-0.3454853,5.5911846,8.348956,1003.03046,1,3
92.48,-0.31675926,5.595950599999999,7.9891453,1003.01025,1,3
92.52,-0.35975394,5.553051,8.060164,1003.05304,1,3
92.56,-0.31666484,5.472018,7.785575,1003.0556,1,3
92.6,-0.27837926,5.6007133,7.8944706999999985,1003.0807,1,3
92.64,-0.33568972,5.657911,7.780849000000001,1003.0885,1,3
92.68,-0.38824394,5.619778,8.225885,1003.0707,1,3
92.72,-0.455114,5.5482783,8.519422,1003.0731,1,3
92.76,-0.34513137,5.657908,8.230628999999999,1003.10834,1,3
92.8,-0.23036885,5.6436067,8.230633000000001,1003.09326,1,3
92.84,-0.35935277,5.634073,8.003387,1003.0984,1,3
92.88,-0.48360404,5.5339737,8.098078,1003.10583,1,3
92.92,-0.4787771,5.576872,8.3016615,1003.09827,1,3
92.96,-0.39269343,5.6674356,8.50998,1003.12103,1,3
93.0,-0.31719250000000004,5.796156400000001,8.287374,1003.10315,1,3
93.04,-0.41756207,5.700825,8.533564,1003.12616,1,3
93.08,-0.35541826,5.676992,8.325249000000001,1003.12354,1,3
93.12,-0.45578778,5.6865253,8.519361,1003.10065,1,3
93.16,-0.32672358,5.8533545,8.183219,1003.11084,1,3
93.2,-0.52746904,5.619793,8.756083,1003.1536,1,3
93.24,-0.474888,5.6769915,8.552503999999999,1003.146,1,3
93.28,-0.47010502,5.810455,8.34419,1003.146,1,3
93.32,-0.35060042,5.791389,8.585646,1003.1611,1,3
93.36,-0.45096993,5.8342870000000016,8.173753999999999,1003.17114,1,3
93.4,-0.5274373,5.791388,8.675601,1003.19885,1,3
93.44,-0.4891925,5.867652400000001,8.614054,1003.1965,1,3
93.48,-0.5035288,5.848586599999999,8.779758000000001,1003.14624,1,3
93.52,-0.42704237,5.9486837,8.443617,1003.1613,1,3
93.56,-0.3648986,5.848586,8.481492,1003.17114,1,3
93.6,-0.61822194,5.7580214000000005,8.457822,1003.1789,1,3
93.64,-0.49394056,5.848586,8.396275,1003.1887,1,3
93.68,-0.49394056,5.848586,8.396275,1003.19885,1,3
93.72,-0.59430695,5.8342857000000015,8.78923,1003.1988,1,3
93.76,-0.47002575,5.824753,8.618793499999999,1003.1814,1,3
93.8,-0.4748024,5.8342857000000015,8.476761,1003.1863,1,3
93.84,-0.42221817,5.867651,8.244776,1003.19385,1,3
93.88,-0.4986887,5.8533516,8.429419000000001,1003.2189,1,3
93.92,-0.5130186,5.834285,8.831843,1003.20374,1,3
93.96,-0.5894923000000001,5.734187,8.983345,1003.22675,1,3
94.0,-0.31703404,6.0011144,8.348936,1003.2114,1,3
94.04,-0.51777947,5.753253,8.538312,1003.2214,1,3
94.08,-0.570351,5.767553,8.2305765,1003.23395,1,3
94.12,-0.64204174,5.8009185999999975,8.756096000000001,1003.2417,1,3
94.16,-0.41260484,5.843817700000002,8.983348,1003.21136,1,3
94.2,-0.41259846,5.8342839999999985,8.704019,1003.2063,1,3
94.24,-0.12580386,5.9391484000000005,8.765566,1003.2368,1,3
94.28,-0.28831090000000004,5.777086,8.386814,1003.2368,1,3
94.32,-0.28831090000000004,5.777086,8.386814,1003.19385,1,3
94.36,-0.39345706,5.595956,8.140627,1003.20905,1,3
94.4,-0.39344755,5.581656,8.083814,1003.2191,1,3
94.44,-0.42212,5.586422,8.462566,1003.2495,1,3
94.48,-0.37909862,5.667453299999999,8.273191,1003.2545,1,3
94.52,-0.13531914,5.772318,8.37735,1003.23175,1,3
94.56,-0.14965224,5.6293206,8.036472,1003.2116,1,3
94.6,-0.14965224,5.6293206,8.036472,1003.23425,1,3
94.64,-0.1353033,5.5864214999999975,8.178505,1003.2548,1,3
94.68,-0.35038817,5.4863234000000025,7.9181146999999985,1003.22943,1,3
94.72,-0.10660866,5.93438,8.244789,1003.22437,1,3
94.76,-0.22610056,5.7627835,8.140633,1003.22437,1,3
94.8,-0.59413594,5.452957,7.913381599999999,1003.22437,1,3
94.84,-0.43639925,5.47679,7.851834299999997,1003.2118,1,3
94.88,-0.12092266,5.7818494000000005,8.230588000000001,1003.23694,1,3
94.92,-0.4507228,5.510155,7.643522,1003.2166,1,3
94.96,-0.29358092,5.4529714999999985,8.41991,1003.2291,1,3
95.0,-0.29358092,5.4529714999999985,8.41991,1003.2192,1,3
95.04,-0.17888334,5.529237,7.875452,1003.22186,1,3
95.08,-0.17890999,5.724666,8.287343,1003.2294,1,3
95.12,-0.4131293,5.519705,8.329952,1003.2323,1,3
95.16,-0.51830274,5.3481092000000015,8.041152,1003.22473,1,3
95.2,-0.035560273,5.7199,7.7097419999999985,1003.22186,1,3
95.24,-0.45142096,5.505406,7.884913,1003.22186,1,3
95.28,-0.29370522,5.6102705,7.870708,1003.2446,1,3
95.32,-0.24114507,5.333811,8.514585499999999,1003.2272,1,3
95.36,-0.14556678,5.5054073,8.121628999999999,1003.25226,1,3
95.4,-0.37023532,5.5197077000000005,8.093221,1003.25995,1,3
95.44,-0.2794368,5.5578403,8.348875999999999,1003.2526,1,3
95.48,-0.24600478,5.648406,8.083747,1003.2423,1,3
95.52,-0.24600478,5.648406,8.083747,1003.2423,1,3
95.56,-0.24124275,5.486343,8.126356,1003.2272,1,3
95.6,-0.14567335,5.5864415,8.296791,1003.2222,1,3
95.64,-0.37034184,5.3576465,8.315728,1003.2498,1,3
95.68,-0.2843232,5.3910136,8.334663,1003.2398,1,3
95.72,-0.1600749,5.443446,7.913298599999999,1003.23224,1,3
95.76,-0.23178084,5.4386797,7.974845399999999,1003.23975,1,3
95.8,-0.23178972,5.472046,7.8091407,1003.20715,1,3
95.84,-0.14577988,5.6007440000000015,7.8233414,1003.2074,1,3
95.88,-0.23184301,5.5959783,8.140544,1003.2449,1,3
95.92,-0.22707206,5.653177,7.7665253,1003.2149,1,3
95.96,-0.25568345,5.634109,8.287316,1003.2402,1,3
96.0,-0.29870868,5.6198096,8.003250999999999,1003.24506,1,3
96.04,-0.29872966,5.6055098,8.102672,1003.24005,1,3
96.08,-0.289177,5.643642400000001,7.5960899999999985,1003.2224,1,3
96.12,-0.49472246,5.472047,8.022184,1003.225,1,3
96.16,-0.456498,5.433915,7.979574,1003.2398,1,3
96.2,-0.23664798,5.605511,7.9227586,1003.215,1,3
96.24,-0.16017808,5.624578,8.097932,1003.2449,1,3
96.28,-0.18408406,5.5864453,8.2304945,1003.2172,1,3
96.32,-0.22711627,5.6198120000000005,7.932225,1003.21747,1,3
96.36,-0.279715,5.4672823,7.7617850000000015,1003.22754,1,3
96.4,-0.2749422,5.3767185,7.8896130000000015,1003.23254,1,3
96.44,-0.2510571,5.44345,7.8043923,1003.2072,1,3
96.48,-0.26063070000000005,5.505416,7.742844,1003.2528,1,3
96.52,-0.18416776,5.5769142999999985,8.183142,1003.22253,1,3
96.56,-0.19852808,5.6674795,7.974826299999997,1003.2277,1,3
96.6,-0.18420263,5.6150480000000025,7.875402999999999,1003.21765,1,3
96.64,-0.34195015,5.448219,8.3157015,1003.2277,1,3
96.68,-0.3754157,5.500651,8.031636,1003.263,1,3
96.72,-0.1651253,5.543551,8.083714,1003.25775,1,3
96.76,-0.14123324,5.529251,8.263619,1003.22015,1,3
96.8,-0.25596246,5.624583,7.8801317,1003.23773,1,3
96.84,-0.34201294,5.543552,7.9038020000000015,1003.2251,1,3
96.88,-0.32769445,5.410088,8.164193,1003.2453,1,3
96.92,-0.32769445,5.410088,8.164193,1003.2456,1,3
96.96,-0.20204225,5.6436152,7.9796770000000015,1003.23303,1,3
97.0,-0.16378225,5.6007166,8.192725999999999,1003.2406,1,3
97.04,-0.13028045,5.533983,8.254278,1003.2304,1,3
97.08,-0.21629536,5.4624844,8.06017,1003.1952,1,3
97.12,-0.19711143,5.462483,7.989159599999999,1003.22034,0,0
97.16,-0.22096732,5.4195824,8.01757,1003.23303,0,0
97.2,-0.0966277,5.567344,8.050717,1003.2054,0,0
97.24,-0.02968885,5.5959435,8.022313,1003.2305,0,0
97.28,-0.18735762,5.6531405,7.9939113,1003.20776,0,0
97.32,-0.20643371,5.5578084,8.069666999999999,1003.2356,0,0
97.36,-0.30200818,5.45771,8.225903500000001,1003.22546,0,0
97.4,-0.24936561,5.481541,7.880298,1003.21295,0,0
97.44,-0.24936561,5.481541,7.880298,1003.23596,0,0
97.48,-0.12022459,5.586404,8.031807,1003.2209,0,0
97.52,-0.12022459,5.586404,8.031807,1003.19794,0,0
97.56,-0.23967654,5.5149035,8.178577,1003.223,0,0
97.6,-0.19661522,5.576868,7.970267999999999,1003.20325,0,0
97.64,-0.25392967,5.5578012,7.9418645,1003.18567,0,0
97.68,-0.2873452,5.5101337,7.993947,1003.2309,0,0
97.72,-0.16780697,5.6006975,8.088639,1003.2133,0,0
97.76,-0.21556182,5.5625644,7.95608,1003.2004,0,0
97.8,-0.22505671,5.5005975,7.989226299999999,1003.2004,0,0
97.84,-0.27283317,5.51013,7.7477740000000015,1003.2054,0,0
97.88,-0.20109293,5.657892,8.169141,1003.17816,0,0
97.92,-0.27750507,5.491061,8.159677,1003.22833,0,0
97.96,-0.21054468,5.591158,7.8330073,1003.2183,0,0
98.0,-0.24094789,5.5721339999999975,7.780771,1003.2205,0,0
98.04,-0.33179083,5.514936,8.017488499999999,1003.20294,0,0
98.08,-0.39874807,5.472038,8.064829,1003.20807,0,0
98.12,-0.44177958,5.481571,8.041155999999999,1003.1955,0,0
98.16,-0.22672841,5.5721370000000014,7.932261,1003.2286,0,0
98.2,-0.26975992,5.5483046,8.036417,1003.20044,0,0
98.24,-0.28412598,5.548305,8.036414,1003.2135,0,0
98.28,-0.27460632,5.51494,7.9985356,1003.2258,0,0
98.32,-0.24117431,5.5912055999999986,7.998533,1003.2182,0,0
98.36,-0.2794261,5.610272,7.7854834,1003.2007,0,0
98.4,-0.29379213,5.5435414000000005,8.258922,1003.19824,0,0
98.44,-0.42287344,5.4291444,8.235248,1003.22107,0,0
98.48,-0.2747395,5.5483093,7.8186154,1003.20325,0,0
98.52,-0.22217499,5.4243793,8.249446,1003.2963,0,0
98.56,-0.3416967,6.0344987,7.2362804,1003.4419,0,0
98.6,-0.0262563,5.8772035,7.823344,1003.2259,0,0
98.64,-0.86274856,5.4291477,8.031655,1003.04004,0,0
98.68,-0.8006378000000001,5.700842400000001,6.7249575,1003.1507,0,0
98.72,-0.10759288,5.7389755,9.073219,1003.18066,0,0
98.76,-0.3466097,5.8724394,7.823334,1003.15283,0,0
98.8,-0.5330486999999999,5.548314,7.217328500000002,1003.17584,0,0
98.84,-0.53306204,5.7008443,7.463516,1003.168,0,0
98.88,-0.22240138,5.743744,8.055313,1003.1835,0,0
98.92,-0.3706019,5.848609,7.6907625,1003.1983,0,0
98.96,-0.54748124,5.6436477,7.738104300000002,1003.2211,0,0
99.0,-0.40832478,5.657934,8.064827000000001,1003.19104,0,0
99.04,-0.40355065,5.715133,7.9133263,1003.1959,0,0
99.08,-0.5182678,5.634102,7.364135000000001,1003.16296,0,0
99.12,-0.21236418,5.839063,7.880185000000001,1003.1809,0,0
99.16,-0.44179857,5.5483036,8.187921000000001,1003.21106,0,0
99.2,-0.3223073,5.729432599999999,7.766558,1003.20593,0,0
99.24,-0.22671503,5.839063,7.6103225,1003.20624,0,0
99.28,-0.35099563,5.729433,7.818636,1003.20844,0,0
99.32,-0.23150244,5.743733,7.638727999999999,1003.1809,0,0
99.36,-0.39402145,5.748499,7.7618227,1003.2135,0,0
99.4,-0.35578686,5.738967,7.903853999999999,1003.2086,0,0
99.44,-0.5039646,5.6388690000000015,7.8659786999999985,1003.18854,0,0
99.48,-0.42270973,5.681768,7.8943850000000015,1003.20374,0,0
99.52,-0.25542045,5.8724303,7.676602000000001,1003.2086,0,0
99.56,-0.4179376,5.748499400000001,8.036416000000001,1003.21606,0,0
99.6,-0.09291664,5.9725285,8.055353,1003.20154,0,0
99.64,-0.21241553,5.8199987,8.026947,1003.18646,0,0
99.68,-0.064243525,5.920096400000001,7.648194,1003.20374,0,0
99.72,-0.040348288,5.6817684,8.311010000000001,1003.2066,0,0
99.76,0.098262236,5.7913995000000025,7.354660000000001,1003.20374,0,0
99.8,-0.14073175,5.6436357,7.7097406,1003.19104,0,0
99.84,-0.25067103,5.6913019999999985,7.624520299999999,1003.18896,0,0
99.88,-0.38450935,5.6770024,7.638724000000002,1003.2166,0,0
99.92,-0.23633932,5.767567,8.159507000000001,1003.2266,0,0
99.96,-0.64369744,5.4625335,7.439779799999997,1003.1837,0,0
100.0,-0.5385653,5.743761,7.0326185,1003.17096,0,0
100.04,-0.54339194,5.9058247,7.794853,1003.16614,0,0
100.08,-0.882805,5.753297,7.818521499999999,1003.2139,0,0
100.12,-0.7728929,5.8247952000000005,8.036303,1003.19904,0,0
100.16,-0.54828906,5.98686,8.012626,1003.2342,0,0
100.2,-0.51965714,5.8295645999999985,8.571280999999999,1003.18646,0,0
100.24,-0.26161814,5.786667,8.116772000000001,1003.2015,0,0
100.28,-0.4576136,5.6055384,8.097832,1003.1888,0,0
100.32,-0.57239926,5.4720764000000015,7.2314296,1003.2041,0,0
100.36,-0.5246246999999999,5.538809,7.392397,1003.2116,0,0
100.4,-0.6298508,5.333849,7.8184867,1003.17914,0,0
100.44,-0.39090744,5.5864778,7.766404,1003.1915,0,0
100.48,-0.36705533,5.65321,7.9179015,1003.1739,0,0
100.52,-0.36232248,5.619846,7.8847556,1003.1942,0,0
100.56,-0.23807105,5.75331,7.719049000000001,1003.19385,0,0
100.6,-0.19985604,5.9153733,8.102534,1003.1865,0,0
100.64,-0.27164695,5.7008805,7.8705397,1003.18146,0,0
100.68,-0.43420717,5.529286,7.9368167,1003.1815,0,0
100.72,-0.4581297,5.4482545999999985,8.164066,1003.189,0,0
100.76,-0.5298736,5.3910575,7.799513,1003.18427,0,0
100.8,-0.31963268,5.6103206,7.9699453999999985,1003.179,0,0
100.84,-0.33877537,5.5292897000000005,8.173523,1003.1942,0,0
100.88,-0.429662,5.6436887,7.728482,1003.20935,0,0
100.92,-0.47270373,5.61509,7.9083866999999985,1003.1942,0,0
100.96,-0.45841122,5.591258,8.126165,1003.1891,0,0
101.0,-0.29406023,5.543548,8.642384,1003.1591,0,0
101.04,-0.3657154,5.7342086,7.9132895,1003.1742,0,0
101.08,-0.6763887,5.500647,8.017447,1003.2022,0,0
101.12,-0.70981944,5.4911137000000005,7.6008224,1003.1817,0,0
101.16,-0.50903976,5.5721445,8.206828999999999,1003.1995,0,0
101.2,-0.44209462,5.8009377,7.5582175,1003.2146,0,0
101.24,-0.59022677,5.6150413,8.363070500000001,1003.1767,0,0
101.28,-0.59499246,5.605508,7.984319,1003.2097,0,0
101.32,-0.35119468,5.7866364,7.861227499999999,1003.1868,0,0
101.36,-0.47066185,5.657939,8.069544,1003.1997,0,0
101.4,-0.28422162,5.6293387,8.107422,1003.2021,0,0
101.44,-0.36545035,5.6436377,7.54403,1003.182,0,0
101.48,-0.42755988,5.538773,8.244724,1003.1846,0,0
101.52,-0.48012382,5.481574,7.918052,1003.20465,0,0
101.56,-0.40839887,5.6913013,7.813897,1003.1644,0,0
101.6,-0.34143975,5.6817675,8.1642475,1003.182,0,0
101.64,-0.31752676,5.7008333,8.168983,1003.19464,0,0
101.68,-0.32227865,5.6722335999999975,8.258939,1003.2021,0,0
101.72,-0.32703057,5.743731,7.468296,1003.2021,0,0
101.76,-0.4369381,5.686532,7.676612400000002,1003.17957,0,0
101.8,-0.48948807,5.581667,7.8233814,1003.18964,0,0
101.84,-0.36518526,5.8342934,7.8091807,1003.1845,0,0
101.88,-0.54199624,5.691296,7.9370136,1003.17957,0,0
101.92,-0.44160634,5.748493700000001,7.705029,1003.1997,0,0
101.96,-0.5084957,5.7723265,7.9086113,1003.1745,0,0
102.0,-0.42348826,5.7723513,7.974798,1003.1895,0,0
102.04,-0.5047519,5.7151527,8.282534,1003.20966,0,0
102.08,-0.60514176,5.662721,7.610247599999999,1003.18713,0,0
102.12,-0.4617686,5.758053,8.093154,1003.1849,0,0
102.16,-0.5143534000000001,5.73422,8.055278999999999,1003.1972,0,0
102.2,-0.45701674,5.7723527,7.6954618,1003.1672,0,0
102.24,-0.38532665,5.829552,7.4918823,1003.1921,0,0
102.28,-0.6147781999999999,5.65319,7.9747895999999985,1003.19226,0,0
102.32,-0.5717739000000001,5.6579566,7.9085064,1003.1895,0,0
102.36,-0.61479914,5.624591400000001,7.8327556,1003.18463,0,0
102.4,-0.4666392,5.762821700000001,8.060006,1003.19745,0,0
102.44,-0.37106404,5.820021,7.695454,1003.20233,0,0
102.48,-0.37106404,5.820021,7.695454,1003.2001,0,0
102.52,-0.41410324,5.686558,8.050532,1003.1948,0,0
102.56,-0.4571354,5.786656,7.7096550000000015,1003.1825,0,0
102.6,-0.44280297,5.724691,7.955843400000001,1003.2074,0,0
102.64,-0.5766514,5.7723565,7.458729300000001,1003.1849,0,0
102.68,-0.5527664000000001,5.762824,8.074200999999999,1003.21027,0,0
102.72,-0.5336611,5.64366,8.2446375,1003.1974,0,0
102.76,-0.33771014,5.758058,7.9226966,1003.19244,0,0
102.8,-0.23734824,5.805724,7.2930193,1003.17975,0,0
102.84,-0.38074932,5.6674943,7.695442999999999,1003.1948,0,0
102.88,-0.49070576,5.600763,7.704910000000001,1003.1848,0,0
102.92,-0.43814185,5.7199269999999975,7.780659,1003.17725,0,0
102.96,-0.30910113,5.8486247,7.7711887000000015,1003.19244,0,0
103.0,-0.35155565,5.758046,8.045835499999999,1003.1723,0,0
103.04,-0.45670244,5.6722480000000015,8.074244,1003.17487,0,0
103.08,-0.34197825,5.743746,7.766508,1003.19745,0,0
103.12,-0.3563133,5.6102824,7.927477400000001,1003.1926,0,0
103.16,-0.22246546,5.8438435,7.581867699999999,1003.1824,0,0
103.2,-0.4423231,5.5864487,8.0127,1003.1799,0,0
103.24,-0.4423231,5.5864487,8.0127,1003.19257,0,0
103.28,-0.21287923,5.791411,7.752308999999999,1003.2001,0,0
103.32,-0.23199399,5.729445,7.6765585,1003.19257,0,0
103.36,-0.46141124,5.605514,8.183141,1003.1949,0,0
103.4,-0.37536588,5.7008452000000025,7.742842,1003.1903,0,0
103.44,-0.31321958,5.648413,8.017439,1003.1902,0,0
103.48,-0.20327525,5.634113,7.775985,1003.2026,0,0
103.52,-0.1411289,5.6150465,7.889611200000001,1003.18,0,0
103.56,-0.098101825,5.7389774000000005,7.652892,1003.1952,0,0
103.6,-0.007276691999999999,5.891506,8.069519999999999,1003.2074,0,0
103.64,-0.083744675,5.786642,8.140537,1003.1849,0,0
103.68,-0.13153382,5.9677706,8.012709,1003.2178,0,0
103.72,-0.24624024,5.6817769999999985,8.13107,1003.175,0,0
103.76,-0.069378674,5.8343067,7.8612094,1003.1597,0,0
103.8,-0.39917624,5.738976,7.307285,1003.18,0,0
103.84,-0.21753481,5.943937,7.6102880000000015,1003.17474,0,0
103.88,-0.1745122,6.082167,7.6434293,1003.2026,0,0
103.92,-0.07889832599999999,5.834306,7.856478999999997,1003.1949,0,0
103.96,-0.011976638,5.881972,7.4871955,1003.19244,0,0
104.0,0.016454478999999998,5.886744,7.506111,1003.1923,0,0
104.04,-0.040905096,5.8724446,7.66708,1003.19244,0,0
104.08,-0.16518128,5.7866464,7.539250999999997,1003.19507,0,0
104.12,-0.05046724,5.9916085999999975,7.5913296,1003.20233,0,0
104.16,-0.0552477,5.953476,7.761768300000001,1003.2202,0,0
104.2,-0.19864306,5.986842,7.581861,1003.17975,0,0
104.24,-0.33247885,5.9963746,7.662345399999999,1003.21765,0,0
104.28,-0.29424232,5.93441,8.06477,1003.1948,0,0
104.32,-0.3850592,5.9153433,7.894331,1003.1796,0,0
104.36,-0.33726248,5.9963746,7.600797999999997,1003.18,0,0
104.4,-0.45675817,5.905810400000001,7.747564,1003.1974,0,0
104.44,-0.42808187,5.8438454,7.8564553,1003.16943,0,0
104.48,-0.2751294,5.853378,7.657610000000001,1003.2001,0,0
104.52,-0.21299262,5.996375,7.766502,1003.1846,0,0
104.56,-0.28469098,5.8772116,7.330936,1003.2021,0,0
104.6,-0.35638994,5.772347,7.5203123,1003.2049,0,0
104.64,-0.39940944,5.7437477,7.9464087,1003.2122,0,0
104.68,-0.36595201,5.7580475999999985,7.846986,1003.2026,0,0
104.72,-0.08394489999999999,6.067874,7.7901729999999985,1003.1921,0,0
104.76,-0.25601846,5.924877,7.965346,1003.1722,0,0
104.8,-0.46155128,5.7294483,7.780703999999999,1003.1695,0,0
104.84,-0.17476435,5.9391766,7.629202999999999,1003.1871,0,0
104.88,-0.45199487,5.786647,7.870657400000002,1003.1795,0,0
104.92,-0.40897727,5.777114,7.9180017,1003.1895,0,0
104.96,-0.3611805,5.896278,7.960611,1003.18207,0,0
105.0,-0.41899762,5.6865606,7.988975,1003.1846,0,0
105.04,-0.41899762,5.6865606,7.988975,1003.2174,0,0
105.08,-0.34253973,5.7866589999999976,7.932160400000001,1003.1796,0,0
105.12,-0.19439436,5.8104925000000005,7.7238440000000015,1003.18207,0,0
105.16,-0.2517615,5.7246947,7.785390400000002,1003.2198,0,0
105.2,-0.24223043,5.6865625,8.059983,1003.1948,0,0
105.24,-0.3234966,5.6531973,7.667027,1003.19464,0,0
105.28,-0.18013103,5.8533926,7.908478999999999,1003.187,0,0
105.32,-0.16580118,5.7961946,7.993697,1003.2198,0,0
105.36,-0.34268245,5.743763,7.837459,1003.2147,0,0
105.4,-0.23755531,5.7342309999999985,8.225678,1003.1997,0,0
105.44,-0.23278502,5.8009624,8.140458,1003.20233,0,0
105.48,-0.28537235,5.8200297,7.775908,1003.1948,0,0
105.52,-0.25671256,5.796197,7.7711716,1003.197,0,0
105.56,-0.1898143,5.7532988,8.159391000000001,1003.19464,0,0
105.6,-0.28542945,5.7294664000000015,7.719089500000001,1003.16925,0,0
105.64,-0.30457717,5.677035,7.9037285000000015,1003.18677,0,0
105.68,-0.3093665,5.6532019999999985,8.017354,1003.1717,0,0
105.72,-0.16122112,5.7771335,7.595989,1003.2046,0,0
105.76,-0.2424968,5.7056355000000005,7.8469105,1003.1917,0,0
105.8,-0.2042679,5.7866673,7.865847599999999,1003.1767,0,0
105.84,-0.24730512,5.7914343,7.723814,1003.18427,0,0
105.88,-0.10871943,5.781902,8.078892,1003.1968,0,0
105.92,-0.16131626,5.762836,7.908450999999999,1003.1717,0,0
105.96,-0.12308731,5.8295684,7.704871000000002,1003.1867,0,0
106.0,-0.12256377,5.8390879999999985,7.7996063,1003.17395,0,0
106.04,-0.25639573,5.7389903,7.8185449999999985,1003.2192,0,0
106.08,-0.41890657,5.667492,7.662309599999999,1003.1841,0,0
106.12,-0.22293207,5.75329,7.9227023,1003.2066,0,0
106.16,-0.10343318,5.820022,7.889561,1003.2091,0,0
106.2,-0.122551076,5.8104887000000005,7.8658899999999985,1003.1915,0,0
106.24,-0.041291893,5.867687,7.714389,1003.16895,0,0
106.28,-0.21336232,5.6960907,7.7380614,1003.2091,0,0
106.32,-0.30417603,5.7056246,7.6007633,1003.21674,0,0
106.36,-0.31373313,5.7199235,7.9558444,1003.189,0,0
106.4,-0.29461268,5.6960907,8.254111,1003.2041,0,0
106.44,-0.09385834,5.8819865999999985,7.63864,1003.19403,0,0
106.48,-0.031718332,5.8200216,8.11208,1003.2041,0,0
106.52,-0.098633066,5.8247876,7.747530999999999,1003.18646,0,0
106.56,-0.1751074,5.7628226,8.017392,1003.2015,0,0
106.6,-0.28982016,5.6627245,7.7570004,1003.18896,0,0
106.64,-0.17032127,5.796188,7.7759385,1003.1962,0,0
106.68,-0.13686134,5.8676863,7.468202000000002,1003.2163,0,0
106.72,-0.26591223,5.6627245,7.9416428,1003.1915,0,0
106.76,-0.26591223,5.6627245,7.9416428,1003.19104,0,0
106.8,-0.1655326,5.7199230000000005,7.974784,1003.2163,0,0
106.84,-0.05081348,5.796188,7.856425,1003.19366,0,0
106.88,0.020886084,5.9630175,7.435062400000001,1003.1887,0,0
106.92,-0.15596406,5.73899,8.225708000000001,1003.1784,0,0
106.96,-0.3375941,5.6817904000000015,7.799612,1003.17114,0,0
107.0,-0.3090093,5.734225,7.8422136,1003.1835,0,0
107.04,-0.16561651,5.8629217,7.5155395999999985,1003.17834,0,0
107.08,-0.33769074,5.734225,8.007916999999999,1003.2189,0,0
107.12,-0.25643530000000003,5.791424299999999,7.932167,1003.201,0,0
107.16,-0.27555582,5.829556,7.7475247,1003.17816,0,0
107.2,-0.21342024,5.719925,7.865885,1003.2086,0,0
107.24,-0.23732056,5.7628245000000025,7.828009599999999,1003.1958,0,0
107.28,-0.18952376,5.6960926,7.733321000000001,1003.20593,0,0
107.32,-0.122607745,5.767591,7.7427899999999985,1003.1857,0,0
107.36,-0.18952629,5.6770267,7.7996025,1003.22363,0,0
107.4,-0.17040776,5.7866573,7.619695,1003.1855,0,0
107.44,-0.21342723,5.7389917,8.107339,1003.2413,0,0
107.48,-0.13695163,5.7199254,8.168886,1003.2159,0,0
107.52,-0.13695163,5.7199254,8.168886,1003.18066,0,0
107.56,-0.08915551,5.7866573,7.6954449999999985,1003.2155,0,0
107.6,-0.33770722,5.610295,7.8611493,1003.2004,0,0
107.64,-0.21343422,5.7532916,7.775930000000002,1003.20294,0,0
107.68,-0.21343422,5.7532916,7.775930000000002,1003.2182,0,0
107.72,-0.21343611,5.7437580000000015,7.790133,1003.1853,0,0
107.76,-0.12740028,5.7818913,7.828008,1003.2108,0,0
107.8,-0.33771290000000004,5.6388940000000005,7.9511027,1003.20795,0,0
107.84,-0.22299892,5.6913266,7.714382,1003.2133,0,0
107.88,-0.22778,5.681793700000001,7.970039999999999,1003.2133,0,0
107.92,-0.1799838,5.7914248,7.704913,1003.2306,0,0
107.96,-0.1799838,5.7914248,7.704913,1003.2107,0,0
108.0,-0.24603127,5.6484065,8.050604,1003.2234,0,0
108.04,-0.26513400000000004,5.672239,7.8091507,1003.228,0,0
108.08,-0.08821529,5.7866344000000005,7.624515,1003.1852,0,0
108.12,-0.14553997,5.7246685,7.974864,1003.20776,0,0
108.16,-0.2363398,5.643636,7.9701314,1003.2305,0,0
108.2,-0.23154348,5.6198034,7.837569,1003.19794,0,0
108.24,-0.3079873,5.6293354,8.301544,1003.24316,0,0
108.28,-0.27925906,5.6531672,7.937,1003.2128,0,0
108.32,-0.39872116,5.624567,8.074301,1003.21295,0,0
108.36,-0.37002578,5.6102667,7.794972,1003.22546,0,0
108.4,-0.26004085,5.615032,8.135854,1003.22034,0,0
108.44,-0.28392340000000005,5.6245650000000005,7.8470564,1003.19495,0,0
108.48,-0.1596155,5.7580276,7.657683400000002,1003.205,0,0
108.52,-0.3842333,5.519699,8.02697,1003.23773,0,0
108.56,-0.2742648,5.6150293,7.9843636,1003.2226,0,0
108.6,-0.19299166,5.5959629999999985,7.94649,1003.1924,0,0
108.64,-0.10688925,5.7580237,7.984371,1003.2024,0,0
108.68,-0.17379001,5.7341905,8.0553875,1003.2277,0,0
108.72,-0.25980997,5.6626925,7.922827000000002,1003.22,0,0
108.76,-0.37925556,5.524461,8.140614,1003.22754,0,0
108.8,-0.2358285,5.681756,7.8092084,1003.2402,0,0
108.84,-0.3409512,5.538758799999999,7.9086337,1003.2175,0,0
108.88,-0.1736086,5.6626883,7.9938574,1003.2074,0,0
108.92,-0.2022709,5.6007223,7.9181089999999985,1003.22473,0,0
108.96,-0.16399948,5.657920400000001,7.9701905,1003.22504,0,0
109.0,-0.1886695,5.696071599999999,7.8091497,1003.2049,0,0
109.04,-0.27948517,5.638873,8.168965,1003.2224,0,0
109.08,-0.293824,5.572141,8.08848,1003.24506,0,0
109.12,-0.25558424,5.5530744000000025,8.154762,1003.2675,0,0
109.16,-0.1599869,5.605507,7.7996817,1003.23474,0,0
109.2,-0.13130677,5.643639,7.903838,1003.21716,0,0
109.24,-0.20300321,5.6293397,7.946448299999999,1003.2273,0,0
109.28,-0.18866189,5.667472,8.140559,1003.21716,0,0
109.32,-0.11218317,5.7389708,7.941714,1003.2524,0,0
109.36,-0.33683202,5.433911,8.131089999999999,1003.2524,0,0
109.4,-0.33683202,5.433911,8.131089999999999,1003.2398,0,0
109.44,-0.16475782,5.5340085,8.045872,1003.2498,0,0
109.48,0.00731701,5.595974,8.007997,1003.1945,0,0
109.52,0.00731701,5.595974,8.007997,1003.21436,0,0
109.56,0.10291434,5.657939,7.6055717,1003.2068,0,0
109.6,0.040779445,5.4434432999999975,8.093216,1003.22943,0,0
109.64,0.016881056000000002,5.5101757000000005,7.742870299999999,1003.23474,0,0
109.68,0.13159828,5.4815764000000025,7.6860576,1003.19904,0,0
109.72,0.1029207,5.524475,7.7902145,1003.2191,0,0
109.76,0.069462694,5.5054089999999976,7.984325,1003.2343,0,0
109.8,-0.09782852,5.4625096,8.353609,1003.2317,0,0
109.84,0.08380527,5.5387745000000015,7.823355,1003.20135,0,0
109.88,-0.01656996,5.510175,7.790214999999999,1003.2495,0,0
109.92,-0.34159535,5.3481125999999986,7.8801684,1003.2415,0,0
109.96,-0.10725752,5.414841,8.434106,1003.2518,0,0
110.0,0.0791612,5.5578375,7.6481949999999985,1003.2492,0,0
110.04,0.0791612,5.5578375,7.6481949999999985,1003.24896,0,0
110.08,-0.15025988,5.4291405999999975,8.1405735,1003.22925,0,0
110.12,-0.13591413,5.4577394,8.09323,1003.23395,0,0
110.16,-0.07377352599999999,5.4100738,8.680297,1003.26154,0,0
110.2,-0.17892283,5.333809,8.405702999999999,1003.29694,0,0
110.24,-0.41312695,5.305209,8.026950999999999,1003.3018,0,0
110.28,-0.42267695,5.443439,8.727642999999999,1003.18365,0,0
110.32,-0.4991475,5.3528748,7.501433,1003.2265,0,0
110.36,-0.14065906,5.5435370000000015,8.064827000000001,1003.25653,0,0
110.4,-0.45611662,5.572136,7.3830740000000015,1003.3092,0,0
110.44,-0.3987558,5.4339056,6.7202578,1003.20123,0,0
110.48,-0.39874944,5.3290405,8.547739,1003.1736,0,0
110.52,-0.20755096,5.4720373,7.0043229999999985,1003.2011,0,0
110.56,-0.07848355,5.5673685,7.766563400000001,1003.19104,0,0
110.6,-0.12627843,5.5340023,7.2552476,1003.19855,0,0
110.64,-0.14061151,5.505403,8.443584,1003.21857,0,0
110.68,-0.22185867,5.309974,8.197396000000001,1003.206,0,0
110.72,-0.28877273,5.2289424,8.221067,1003.2286,0,0
110.76,-0.2409715,5.1860433,8.187927,1003.2286,0,0
110.8,0.050606035,5.4720364,8.334695,1003.23627,1,4
110.84,-0.1453596,5.300441,7.9322715,1003.24115,1,4
110.88,-0.18837464,5.238475,7.776036299999999,1003.23615,1,4
110.92,0.017166433999999998,5.45297,7.955945,1003.25885,1,4
110.96,-0.25949320000000003,5.2622933,7.8849807,1003.2538,1,4
111.0,-0.07306624,5.3957567000000015,7.7997619999999985,1003.2487,1,4
111.04,-0.03957841,5.36239,8.372628,1003.2663,1,4
111.08,0.060826585,5.3814554,7.752424,1003.26117,1,4
111.12,-0.10643739,5.2813573,7.989146000000002,1003.2181,1,4
111.16,-0.5174567,5.238457,7.780836999999999,1003.23865,1,4
111.2,-0.4505103,5.5053835,7.7524333,1003.24854,1,4
111.24,-0.70381075,5.4863167,7.993890299999999,1003.2358,1,4
111.28,-0.70381075,5.4863167,7.993890299999999,1003.2462,1,4
111.32,-0.6750881,5.9153056,8.443663,1003.25116,1,4
111.36,-0.737211,5.939138400000001,8.296897999999999,1003.25854,1,4
111.4,-0.732402,6.2584963,8.2400875,1003.2432,1,4
111.44,-0.97614276,6.3538275,7.686164999999999,1003.2612,1,4
111.48,-1.1195078,6.1297984,8.325312,1003.23846,1,4
111.52,-1.0334421,5.9153028,7.6293570000000015,1003.25116,1,4
111.56,-0.6653534999999999,5.7580047,7.9039564,1003.23096,1,4
111.6,-0.5793024,5.662674,7.118047,1003.246,1,4
111.64,-0.05826001,6.1059628,7.5252094,1003.2432,1,4
111.68,-0.043905985,6.077363,7.5772895999999985,1003.2837,1,4
111.72,0.09475208,5.8247339999999985,8.386877,1003.26874,1,4
111.76,0.08998687,5.781835,8.7040825,1003.2558,1,4
111.8,0.13781409,6.1393255999999985,9.527872,1003.27094,1,4
111.84,0.5298018,6.0773597000000015,8.831919000000003,1003.2411,1,4
111.88,0.18090527,5.267044,8.528919,1003.2131,1,4
111.92,0.06142475,4.7236567,8.481577,1003.25116,1,4
111.96,0.013655893999999998,4.075403700000002,9.243818,1003.2358,1,4
112.0,0.12243616,3.999167,7.837594500000002,1003.2283,1,4
112.04,0.5526008000000001,4.5234885,7.383089999999997,1003.2157,1,4
112.08,0.25145534,4.3185277,7.420964,1003.22845,1,4
112.12,0.213208,4.4615245,7.113227,1003.2489,1,4
112.16,0.72940904,5.3481045,7.009067999999999,1003.23615,1,4
112.2,0.38045675,5.5721335,7.307333,1003.23315,1,4
112.24,0.32786998,5.858127,7.146362299999999,1003.24115,1,4
112.28,-0.14057742,5.89626,7.340471000000001,1003.25116,1,4
112.32,-0.06888927,5.962992,7.8991294,1003.2661,1,4
112.36,0.39472505,6.210853599999999,8.940697,1003.2813,1,4
112.4,-0.13584203,6.0821567000000005,9.120603,1003.28644,1,4
112.44,-0.15976772,6.568346000000001,8.04589,1003.2714,1,4
112.48,-0.22192292,5.6531677,9.944385,1003.2965,1,4
112.52,-0.17891355,4.6426578,10.1574335,1003.2992,1,4
112.56,-0.83376443,3.3318547999999995,11.312626,1003.2388,1,4
112.6,-0.38926047,5.1383805,6.876486999999999,1003.2261,1,4
112.64,-0.5852501999999999,5.653169,6.3130913,1003.22406,1,4
112.68,-1.0393405,5.2623115,6.4693260000000015,1003.2513,1,4
112.72,-1.383513,4.6045275000000006,6.653965,1003.2387,1,4
112.76,-0.8242936,4.914354,7.4398746,1003.28687,1,4
112.8,-0.98204505,4.6474275999999985,8.519317,1003.2615,1,4
112.84,-0.99639326,4.3805003,8.301534,1003.2565,1,4
112.88,0.5952546999999999,5.166983,7.529824,1003.24115,1,4
112.92,0.61436504,5.3814783,7.9748564,1003.2389,1,4
112.96,0.7433932,5.7389708,9.13005,1003.25146,1,4
113.0,1.0158242,6.144129,9.423581,1003.2514,1,4
113.04,0.83896255,6.144129,8.689747,1003.2464,1,4
113.08,0.17932296,5.5721426,8.00799,1003.2361,1,4
113.12,0.6333776999999999,4.1517095999999984,10.076922,1003.27655,1,4
113.16,0.78153384,4.5902330000000005,9.148977,1003.2364,1,4
113.2,0.78153384,4.5902330000000005,9.148977,1003.2313,1,4
113.24,0.4373613,5.209886,6.189972,1003.2288,1,4
113.28,0.59030616,5.348117,6.9096007,1003.27924,1,4
113.32,-0.035874818,4.6807995,8.140544,1003.25397,1,4
113.36,-0.045443296,4.6855655,7.439850999999999,1003.2235,1,4
113.4,0.33213454,5.572146,7.586614999999999,1003.23395,1,4
113.44,0.47074,5.5912123,6.975876,1003.2615,1,4
113.48,0.23651181,6.072635,8.093194,1003.2466,1,4
113.52,-0.298844,6.0821685999999975,7.851737,1003.2714,1,4
113.56,-0.40401745,6.3157305999999975,10.20947,1003.27905,1,4
113.6,-0.5378696999999999,5.972539,10.247344,1003.2441,1,4
113.64,-0.8378758,5.362392,7.6813984,1003.2714,1,4
113.68,-0.46504605,4.623575,10.034398,1003.27405,1,4
113.72,-0.9382366,3.8132606,9.98232,1003.2089,1,4
113.76,-0.14955382,5.338558,7.705073,1003.2517,1,4
113.8,-0.51758367,4.6188083,6.8481474,1003.2465,1,4
113.84,-0.24990958,4.742738200000002,7.4541516,1003.2213,1,4
113.88,-0.14952365,4.7570375999999985,7.5014963,1003.2389,1,4
113.92,-0.13516915,4.847601999999998,7.837641,1003.2364,1,4
113.96,0.19464234,4.9572325,7.368935,1003.2262,1,4
114.0,0.8447056999999999,4.876201,7.927596,1003.2439,1,4
114.04,0.59616596,4.9286330000000005,7.951268700000001,1003.2741,1,4
114.08,0.82082176,5.286124,7.766628,1003.2615,1,4
114.12,0.40977374,5.996341,9.021246,1003.2665,1,4
114.16,0.2998483,5.858111,9.71247,1003.2315,1,4
114.2,0.39067465,5.924842,7.662474,1003.2339,1,4
114.24,0.6774679,5.2861233,7.255315299999999,1003.2643,1,4
114.28,0.8065276,4.780868,9.338454,1003.2492,1,4
114.32,0.96905607,4.6283383,9.362127,1003.2214,1,4
114.36,0.53410393,4.866666,7.0754113,1003.2643,1,4
114.4,0.35248652,4.733202,8.145388,1003.20123,1,4
114.44,0.24733584,4.6140375,7.3216023,1003.2291,1,4
114.48,-0.0059787002,5.090693,7.5535884000000015,1003.2465,1,4
114.52,-0.0059686503,5.472017299999999,7.2032440000000015,1003.2441,1,4
114.56,0.08963248,5.6293135,7.2789946,1003.2691,1,4
114.6,-0.19723205,5.514918,8.301619,1003.2618,1,4
114.64,0.39546993,6.411031,8.722982,1003.2718,1,4
114.68,-0.24023761,6.2918663,10.7256365,1003.2665,1,4
114.72,-0.38362855,6.253734,9.939725,1003.2491,1,4
114.76,-1.0097765,6.296633,7.577257,1003.24396,1,4
114.8,-0.6226029000000001,4.0182185,10.0722885,1003.2566,1,4
114.84,-0.72297245,4.1230826,8.9881115,1003.21655,1,4
114.88,-0.36926058,5.5244503,7.037537599999999,1003.21655,1,4
114.92,-0.546107,5.2718225,7.2032422999999985,1003.2592,1,4
114.96,-0.33101267,5.0191946,7.094351,1003.25903,1,4
115.0,-0.17327283,4.566372,8.505203,1003.20874,1,4
115.04,-0.2784253,4.542539,8.419985,1003.2415,1,4
115.08,-0.4457121,4.504406,7.9844213,1003.25653,1,4
115.12,-0.23061462,4.666468599999999,7.4210267,1003.23895,1,4
115.16,0.46246648,5.0191940000000015,7.837655000000002,1003.2567,1,4
115.2,0.28083712,5.0668597,8.448394,1003.2618,1,4
115.24,0.3047425,5.4148182999999985,8.055439,1003.2743,1,4
115.28,-0.3309651,5.672212,9.731419,1003.2666,1,4
115.32,-0.03939071,5.9868045,9.665138,1003.24896,1,4
115.36,-0.06328339,5.6960444,9.987078,1003.26166,1,4
115.4,0.84010905,4.456739,9.224839,1003.2466,1,4
115.44,1.1030046999999998,4.1516795,8.651978,1003.22406,1,4
115.48,0.4051596,4.6283355,7.9702234,1003.22406,1,4
115.52,0.15183312,4.771332,7.1985160000000015,1003.2065,1,4
115.56,0.362154,5.2098546,7.804520599999999,1003.25903,1,4
115.6,-0.26399392,4.847596,9.423687,1003.2466,1,4
115.64,-0.40813753,5.281371599999999,6.743945599999999,1003.23914,1,4
115.68,-0.40813753,5.281371599999999,6.743945599999999,1003.24896,1,4
115.72,-0.37949294,5.286139,6.928584599999999,1003.22406,1,4
115.76,-0.22178228,5.462502,7.9654174,1003.26166,1,4
115.8,-0.44166464,5.4482019999999975,8.4862,1003.2466,1,4
115.84,-0.66156995,6.024957,9.698205,1003.2567,1,4
115.88,-1.1347818,6.1012216,9.949128,1003.2439,1,4
115.92,-1.3164487,6.139355,9.319448,1003.21124,1,4
115.96,-1.1061487,6.1774879999999985,8.822334,1003.2492,1,4
116.0,-1.7849039,4.3566637,9.5040865,1003.24396,1,4
116.04,-1.4838104,3.9086082,8.538264999999999,1003.19366,1,4
116.08,-0.99629325,4.87622,6.4503910000000015,1003.1837,1,4
116.12,-0.9819653,5.4768066,7.0895343,1003.20874,1,4
116.16,-0.69043154,5.324278,6.597153,1003.2187,1,4
116.2,-0.62831694,4.561629,9.106385,1003.2643,1,4
116.24,-0.62831694,4.561629,9.106385,1003.2315,1,4
116.28,-0.5327665,4.7141595,6.5829434,1003.21906,1,4
116.32,-0.28900796,4.919122,7.0705860000000005,1003.2239,1,4
116.36,-0.9104167,4.976321,7.520352000000001,1003.24896,1,4
116.4,-0.7287955,5.3814793,7.7049923,1003.28687,1,4
116.44,-1.0347259,5.8486023000000005,9.991708,1003.2567,1,4
116.48,-1.2259408,5.867668599999999,9.063762,1003.25653,1,4
116.52,-1.3550185,5.5530763,9.769187,1003.2417,1,4
116.56,-1.4888643999999998,5.209885,9.466184,1003.23663,1,4
116.6,-0.6046349,5.0096908,9.115834,1003.24146,1,4
116.64,-0.32729053,4.0754423,10.521963,1003.2518,1,4
116.68,-0.38944578,3.3985918,9.42358,1003.20624,1,4
116.72,-0.2412984,5.4482117,6.45984,1003.21625,1,4
116.76,-1.4028083999999998,4.766595,7.6671114,1003.2388,1,4
116.8,-0.8818275999999999,5.047822,8.680273,1003.2693,1,4
116.84,-1.6657331999999998,4.852393599999999,8.377269,1003.2389,1,4
116.88,-2.1150527,4.866694,8.126345,1003.2439,1,4
116.92,-1.6323012,5.1526875,7.472995,1003.2288,1,4
116.96,-0.22227682,5.5101795,8.078998,1003.2339,1,4
117.0,-0.6572655,4.604533999999999,7.2315369999999985,1003.234,1,4
117.04,-0.45652267,4.9143605,7.700242,1003.2439,1,4
117.08,-0.36572412,5.2051215,8.415135000000001,1003.2412,1,4
117.12,-0.580833,4.8428636,8.827027000000003,1003.2618,1,4
117.16,-0.3657596,5.038293,9.447231,1003.2414,1,4
117.2,-1.1496652,6.05357,8.547694,1003.2086,1,4
117.24,-1.3886732,5.8009424,8.273097,1003.2263,1,4
117.28,-1.5320938999999998,4.385276,7.501386,1003.2463,1,4
117.32,-2.1821558,3.8990874,8.46247,1003.2287,1,4
117.36,-1.6611842,5.600749,7.297803999999997,1003.2287,1,4
117.4,-1.0876254,5.6913137,7.723898399999999,1003.23096,1,4
117.44,-0.7673873999999999,5.719913,8.391448,1003.27124,1,4
117.48,-0.92991847,5.0907282999999985,10.408304,1003.25635,1,4
117.52,-1.957594,4.108818,9.044793,1003.20844,1,4
117.56,-1.6803830000000002,4.390045,7.098951,1003.2311,1,4
117.6,-1.5417866000000002,4.461544,7.832782300000001,1003.26385,1,4
117.64,-1.6791207,4.2946835,7.9181194,1003.23615,1,4
117.68,-0.59405386,5.119296,8.562003,1003.24615,1,4
117.72,-0.89992714,5.0763965,8.490989,1003.24115,1,4
117.76,-0.57008636,5.7818456,7.032796,1003.2382,1,4
117.8,-0.13508996,5.9343753,9.81663,1003.27875,1,4
117.84,-1.4447219,4.4138427,10.640418,1003.25366,1,4
117.88,-0.6512403,5.6865125,8.869753999999997,1003.24365,1,4
117.92,-0.43135217,5.5959473,8.609364,1003.2457,1,4
117.96,-1.2295281,3.9085848,10.081769,1003.2033,1,4
118.0,-1.2342736,4.804697,7.0044084,1003.2212,1,4
118.04,-1.7217964,5.281352,6.9570656,1003.23364,1,4
118.08,-1.850817,4.942926,6.625661,1003.2537,1,4
118.12,-1.0573523,5.0477896,6.8245070000000005,1003.24835,1,4
118.16,-0.84219265,4.2327065,9.32428,1003.2358,1,4
118.2,-0.4502145,4.9333897,8.38687,1003.21857,1,4
118.24,-0.3498215,5.0668526,7.8471494,1003.2407,1,4
118.28,-0.57921785,4.761792,8.022326,1003.25616,1,4
118.32,-0.22546095,5.395743,7.9465804,1003.25323,1,4
118.36,-0.34971872,5.367143,8.349007,1003.2358,1,4
118.4,0.39596492,6.0058612999999985,8.557323,1003.2583,1,4
118.44,0.37686285,6.02016,8.301667,1003.2358,1,4
118.48,-0.4786707000000001,4.9953494,8.538392,1003.2382,1,4
118.52,-1.2720667,5.595934400000001,7.8803144,1003.2609,1,4
118.56,-1.4010872,6.420548,7.2411723,1003.2205,1,4
118.6,-1.4393085,6.139320400000001,8.2922125,1003.2608,1,4
118.64,-1.6646900000000002,3.6178298,8.917086999999997,1003.2583,1,4
118.68,-1.8128622,3.4986660000000005,9.792952,1003.2407,1,4
118.72,-1.1532453,4.3375797,8.164317,1003.22064,1,4
118.76,-0.73261887,6.196537,7.0375289999999975,1003.20807,1,4
118.8,-0.9907226,4.8905,7.989144299999999,1003.24835,1,4
118.84,-0.9907226,4.8905,7.989144299999999,1003.2205,1,4
118.88,-1.0815331,5.085929,7.709815499999999,1003.2407,1,4
118.92,-0.6848075,5.705581,7.998614,1003.2256,1,4
118.96,-0.31675875,5.3862224,6.4315267,1003.25085,1,4
119.0,-0.3932299,6.0726055999999975,8.429446,1003.2532,1,4
119.04,-0.44580585,6.310933,6.990187,1003.25073,1,4
119.08,-1.7459086,5.419587,7.44469,1003.26074,1,4
119.12,-1.8510605,5.133594,9.310046,1003.2534,1,4
119.16,-1.8988547,6.182236,8.259008,1003.26575,1,4
119.2,-2.869151,6.129804599999999,8.434181,1003.2785,1,4
119.24,-1.3252688999999995,6.5826270000000005,9.8260975,1003.24817,1,4
119.28,-0.8520663,6.692258,8.528871,1003.22076,1,4
119.32,-1.1675258999999998,5.1860256,7.0233307,1003.228,1,4
119.36,-1.1675258999999998,5.1860256,7.0233307,1003.23816,1,4
119.4,0.036990516,4.4853415,5.967559,1003.24304,1,4
119.44,0.08479044599999999,4.39001,7.5914598,1003.2532,1,4
119.48,-0.16375746,4.52824,9.177485,1003.24304,1,4
119.52,-0.26890743,5.6436142999999985,7.241114599999999,1003.2281,1,4
119.56,-0.5461322,5.853343,6.9617853,1003.2582,1,4
119.6,-0.44575253,5.7151127,8.296887,1003.24786,1,4
119.64,-0.5554228,5.8342705000000015,8.230630999999999,1003.2531,1,4
119.68,-0.09176791,6.449156,7.9891768,1003.2277,1,4
119.72,-0.383322,5.934367,7.1511884000000006,1003.2557,1,4
119.76,-0.64619726,5.600708,7.4210505000000015,1003.2507,1,4
119.8,-0.19210894,5.9153004000000005,7.084908500000001,1003.2276,1,4
119.84,0.046902172,6.1059623,7.468397,1003.2453,1,4
119.88,0.008670691,5.9105334,7.1559277,1003.25287,1,4
119.92,-0.13470252,5.939132,9.3811,1003.28033,1,4
119.96,-0.660474,6.0821285000000005,9.698305,1003.2356,1,4
120.0,-0.9090098,6.4205537,6.7913823,1003.2427,1,4
120.04,-1.1145275,5.4005103,7.889765299999999,1003.2579,1,4
120.08,-0.9950254,4.8046904,9.1538515,1003.2632,1,4
120.12,-0.1919974,5.267046,8.159628999999999,1003.24,1,4
120.16,-0.956752,5.5864053,7.4115944,1003.222,1,4
120.2,-1.1861757,5.5578055,7.776144,1003.2427,1,4
120.24,-0.9184928,5.267045,6.7487793000000025,1003.24,1,4
120.28,0.15697707,4.957218599999999,8.169102,1003.24506,1,4
120.32,-0.43569764,4.280367,7.76668,1003.2147,1,4
120.36,-0.20625317,4.895251999999998,7.8376966,1003.25256,1,4
120.4,0.066209614,5.0239496,7.927652,1003.25214,1,4
120.44,0.018418517,5.0048822999999985,8.315874,1003.222,1,4
120.48,-0.14407389,5.3909736,7.790356599999999,1003.23486,1,4
120.52,-0.16317917,5.4767714000000005,9.120726,1003.23956,1,4
120.56,-0.35914418,5.5482693,8.670958,1003.2424,1,4
120.6,-0.31132516,5.93436,8.689898,1003.2599,1,4
120.64,-0.38870397,5.5387580000000005,8.273187,1003.24005,1,4
120.68,-0.38870397,5.5387580000000005,8.273187,1003.22473,1,4
120.72,1.0452048,5.4672604000000025,9.272143,1003.245,1,4
120.76,1.3319823999999998,5.519693,8.798702,1003.23206,1,4
120.8,1.2076858,4.9572395999999985,8.145352,1003.24457,1,4
120.84,1.3749573,5.4005300000000025,8.23057,1003.23206,1,4
120.88,0.44764304,5.481562,7.643500299999999,1003.22955,1,4
120.92,0.32813716,5.3480988,7.7334533,1003.24713,1,4
120.96,0.5049683,4.962008,8.150078,1003.2548,1,4
121.0,-0.20724402,4.604517,8.36786,1003.2297,1,4
121.04,-0.3267715,5.019208,7.7003059999999985,1003.24207,1,4
121.08,0.40929672,5.5578294,8.183212,1003.2597,1,4
121.12,0.16550516,5.8724227,8.566697,1003.25476,1,4
121.16,-0.14519289,5.691294,8.154803,1003.27484,1,4
121.2,0.30408707,6.158417,6.928591,1003.3449,1,4
121.24,0.59085375,5.0049105,7.804454,1003.2597,1,4
121.28,-0.30299112,4.838082,9.731355,1003.1316,1,4
121.32,-0.34125116,5.2575393,5.830203,1003.2143,1,4
121.36,0.38048843,5.7627945,7.364149,1003.23206,1,4
121.4,0.012411185,5.3433385,9.210564,1003.2347,1,4
121.44,-0.3269657,5.371938,7.828117,1003.2093,1,4
121.48,-0.35088632,5.329039,8.41518,1003.22687,1,4
121.52,-0.8336788,4.814252400000001,8.519333999999999,1003.2294,1,4
121.56,-0.5708113,5.114546,8.102706,1003.23206,1,4
121.6,-0.4274279,5.171745,8.240002,1003.23444,1,4
121.64,-0.7326621,5.100230000000002,8.519392999999999,1003.21924,1,4
121.68,-0.4793229000000001,5.2193937,8.647223,1003.2519,1,4
121.72,-0.40284288,5.405289,8.382097,1003.23694,1,4
121.76,-0.9094958,4.9381666,8.628286,1003.2342,1,4
121.8,-0.70873755,5.1574282999999985,7.795032000000001,1003.2595,0,0
121.84,-0.37892482,5.4529543,8.159581,1003.2542,0,0
121.88,-0.69916207,5.1049957,8.169051,1003.2191,0,0
121.92,-0.4362666,5.3671555999999985,7.8376436,1003.2621,0,0
121.96,-0.4553795,5.281358,8.2542715,1003.2597,0,0
122.0,-0.46015298,5.228925,8.183256,1003.257,0,0
122.04,-0.3741102000000001,5.3528557,7.951270599999999,1003.2567,0,0
122.08,-0.46492013,5.3099566,8.107507,1003.2316,0,0
122.12,-0.5939715999999999,5.228925,7.856584,1003.2392,0,0
122.16,-0.6322036999999999,5.281357,7.795037299999999,1003.2621,0,0
122.2,-0.4601213,5.395754,8.221133,1003.23444,0,0
122.24,-0.47923738,5.352855,8.277948,1003.2544,0,0
122.28,-0.41709358,5.433886,8.315823,1003.2519,0,0
122.32,-0.5509217,5.381454,8.098041,1003.252,0,0
122.36,-0.54613554,5.1288266,8.576217,1003.22437,0,0
122.4,-0.5078908,5.24799,7.742961999999999,1003.2319,0,0
122.44,-0.5222239000000001,5.0668607,8.419983,1003.22943,0,0
122.48,-0.4074991,5.300422,8.036497,1003.2294,0,0
122.52,-0.45529076,5.2146235,8.145389,1003.2621,0,0
122.56,-0.5891221,5.157425,8.230609,1003.23193,0,0
122.6,-0.37389567,5.371917,8.145401,1003.24445,0,0
122.64,-0.37389567,5.371917,8.145401,1003.2291,0,0
122.68,-0.5316179,5.186021,8.481545,1003.24194,0,0
122.72,-0.71323895,4.90956,8.301639,1003.21155,0,0
122.76,-0.46467775,5.300418,8.221153999999999,1003.23193,0,0
122.8,-0.84704494,4.8142285000000005,8.363189,1003.2368,0,0
122.84,-0.7036451,4.7427297,8.467346000000001,1003.24445,0,0
122.88,-0.029681357,5.0287232,8.992866000000003,1003.1968,0,0
122.92,-0.19218326,5.0573215,7.965501299999999,1003.2397,0,0
122.96,-0.45984086,5.0287223,7.8944864,1003.22437,0,0
123.0,-0.37378725,5.0334888,8.311114,1003.24976,0,0
123.04,-0.33075765,5.1145196,8.377398,1003.23206,0,0
123.08,-0.30685288,5.162185,8.420009,1003.2372,0,0
123.12,-0.26381755,5.214617,8.339526,1003.22437,0,0
123.16,-0.25902632,5.190784,8.372666,1003.23206,0,0
123.2,-0.40240332,5.100219,8.292183999999999,1003.25214,0,0
123.24,-0.32114094,5.0811524000000015,8.566778999999999,1003.2747,0,0
123.28,-0.34502858,5.2384486,8.240107,1003.2448,0,0
123.32,-0.33546323,5.238448,7.7335258,1003.2423,0,0
123.36,-0.34023166,4.87619,9.040223,1003.22974,0,0
123.4,-0.11556371,5.2479809999999985,7.477871,1003.2146,0,0
123.44,-0.14423686,5.2193812999999984,8.0507345,1003.2674,0,0
123.48,-0.45013288,4.8380566,8.741959,1003.2679,0,0
123.52,-0.22069089,5.1574154000000005,8.382145,1003.2425,0,0
123.56,-0.2732516,5.290878299999998,8.0318,1003.25507,0,0
123.6,-0.34909138,5.2336645,8.902989,1003.2604,0,0
123.64,-0.2678163,5.371894,8.235439,1003.2651,0,0
123.68,0.014228938,5.462457700000001,8.10288,1003.24457,0,0
123.72,-0.37289837,4.933368700000001,8.576324000000001,1003.2427,0,0
123.76,-0.35372406,4.976267,7.9419179999999985,1003.2427,0,0
123.8,-0.33456805,5.2050605,7.795155,1003.24,0,0
123.84,-0.4779438,5.0572968000000005,8.7231,1003.2299,0,0
123.88,-0.6690991999999999,4.828501,8.429571000000001,1003.2122,0,0
123.92,-0.3296963,5.2288914,8.287541000000001,1003.2427,0,0
123.96,-0.40137497,5.2384233,8.491122,1003.2172,0,0
124.0,-0.28662285,5.3194537,8.09817,1003.2475,0,0
124.04,-0.22922845,5.1001916,8.349097,1003.23486,0,0
124.08,-0.439503,4.838031,8.666306500000001,1003.2477,0,0
124.12,-0.32475093,5.2670193,7.406957000000001,1003.2353,0,0
124.16,-0.2243383,5.452914700000001,8.240215,1003.23785,0,0
124.2,-0.5206494,5.200286,8.131328,1003.2403,0,0
124.24,-0.57317203,5.1573853,8.656852,1003.2356,0,0
124.28,-0.8121255000000001,5.1573844000000015,8.287572,1003.2302,0,0
124.32,-0.74041,5.2193494000000005,8.306511,1003.2276,0,0
124.36,-0.32931006,5.228882,8.604782,1003.24316,0,0
124.4,-0.3435943,5.348044,7.558484,1003.2707,0,0
124.44,-0.24318162,5.2860785,8.495899,1003.25037,0,0
124.48,-0.40565822,5.185979,8.1502905,1003.2302,0,0
124.52,-0.26222733,5.5101047,7.662650599999999,1003.2356,0,0
124.56,-0.18095222,5.572069,7.4543386,1003.2507,0,0
124.6,-0.1283376,5.5530019999999976,8.472239,1003.2506,0,0
124.64,-0.5936267,5.4529448,7.913428,1003.2582,0,0
124.68,-0.91391927,5.0477886,8.633054,1003.2431,0,0
124.72,-1.0143103999999998,4.909559,8.476816,1003.24817,0,0
124.76,-0.62717676,5.190787,7.818732000000002,1003.2406,0,0
124.8,-0.3929968,5.038257,8.339514,1003.2406,0,0
124.84,-0.024997586,5.433882,7.903944,1003.2381,0,0
124.88,0.032344863,5.43865,7.941818,1003.23553,0,0
124.92,-0.1015201,5.400518,7.937081,1003.2481,0,0
124.96,-0.36443976,5.510149,8.3773775,1003.23553,0,0
125.0,-0.5508978,5.309955,8.533609,1003.2634,0,0
125.04,-0.55091304,5.3004227,8.63303,1003.24084,0,0
125.08,-0.3788553,5.3433213,8.486262,1003.266,0,0
125.12,-0.13035119,5.2908907,8.429445,1003.24835,0,0
125.16,-0.2881152,5.2956585999999986,7.5914526,1003.2281,0,0
125.2,-0.17819485,5.452955,7.397340299999999,1003.2156,0,0
125.24,-0.412451,5.3194919999999986,7.965464599999999,1003.2557,0,0
125.28,-0.17350647,5.4434239999999985,7.686131,1003.24835,0,0
125.32,-0.17350647,5.4434239999999985,7.686131,1003.2734,0,0
125.36,-0.05882160400000001,5.5816550000000005,8.623541000000001,1003.23315,0,0
125.4,-0.28350288,5.562589,8.41049,1003.2407,0,0
125.44,-0.13059476,5.8485837,7.25529,1003.23596,0,0
125.48,-0.058912974000000014,5.9200826,7.534618400000001,1003.2562,0,0
125.52,-0.52258444,5.319497,8.339464999999999,1003.2487,0,0
125.56,-0.24538618,5.648391,7.832880499999999,1003.2436,0,0
125.6,-0.33624816,5.5816602999999985,8.183222,1003.269,0,0
125.64,-0.42664245,5.55305,7.7192893,1003.22614,0,0
125.68,-0.21633749,5.758012,7.676678999999999,1003.2283,0,0
125.72,-0.34541124,5.6626816,7.974945,1003.24866,0,0
125.76,-0.49359146,5.553051,8.306353,1003.24365,0,0
125.8,-0.20204249,5.9057765,7.7382225999999985,1003.21606,0,0
125.84,-0.24984685,5.772313,7.9938793000000015,1003.25116,0,0
125.88,-0.50318915,5.529219,7.960737,1003.23865,0,0
125.92,-0.2737776,5.777081,7.761891,1003.2538,0,0
125.96,-0.21165286,5.8199797,8.221127000000001,1003.23096,0,0
126.0,-0.27380297,5.643617,8.102766,1003.2489,0,0
126.04,-0.34072655,5.605485,8.045952999999999,1003.2565,0,0
126.08,-0.39331713,5.6102524,7.6245894,1003.2286,0,0
126.12,-0.2833943,5.5864195999999975,8.074357000000001,1003.2438,0,0
126.16,-0.22604933,5.6340857,7.662462,1003.2286,0,0
126.2,-0.35511678,5.500622,8.069619,1003.264,0,0
126.24,-0.16871709,5.643619,7.7334757,1003.2463,0,0
126.28,-0.13049132,5.572121,8.348948,1003.2313,0,0
126.32,-0.2165405,5.5292225,8.027006,1003.2489,0,0
126.36,-0.20221375,5.467258,7.989130499999999,1003.264,0,0
126.4,-0.17832106,5.486324,7.9843955,1003.26166,0,0
126.44,-0.22135201,5.505390599999999,7.705064299999999,1003.259,0,0
126.48,-0.11143556,5.54829,8.348942,1003.2439,0,0
126.52,-0.26918176,5.529224,7.8470936,1003.2238,0,0
126.56,-0.17837815,5.553057,8.050673,1003.2618,0,0
126.6,-0.16405149,5.5435243,8.192702,1003.2466,0,0
126.64,-0.087587275,5.548291000000001,8.187967,1003.2389,0,0
126.68,-0.068474405,5.548291000000001,8.292123,1003.2414,0,0
126.72,-0.12584475,5.4720263,8.060137,1003.2615,0,0
126.76,-0.11629779,5.6150236,7.870759,1003.2592,0,0
126.8,-0.1402095,5.538758799999999,8.339464,1003.24896,0,0
126.84,-0.36010590000000003,5.2384667,7.8612866,1003.2212,0,0
126.88,-0.2693023,5.3671637,7.861285,1003.2314,0,0
126.92,-0.2693023,5.3671637,7.861285,1003.2439,0,0
126.96,-0.3601313,5.395763400000001,7.742924,1003.2592,0,0
127.0,-0.5513488000000001,5.4100637,8.2353,1003.23395,0,0
127.04,-0.55613494,5.452963,8.045923,1003.2239,0,0
127.08,-0.33194402,5.5006394,8.05535,1003.2417,0,0
127.12,-0.39888626,5.438676,8.135833,1003.2691,0,0
127.16,-0.43713716,5.4815745000000025,7.955924499999999,1003.259,0,0
127.2,-0.43717465,5.3910108,8.121625,1003.2515,0,0
127.24,-0.36549005,5.4625096,8.093217999999998,1003.2489,0,0
127.28,-0.26512670000000005,5.5959735,7.9937935,1003.2693,0,0
127.32,-0.27472377,5.4863434,8.19737,1003.2417,0,0
127.36,-0.43248227,5.481578,8.045866,1003.2489,0,0
127.4,-0.16485077,5.443446,8.400943,1003.2795,0,0
127.44,-0.13141711,5.581677,7.9369693,1003.23395,0,0
127.48,-0.19835934,5.4625134000000015,7.842278999999999,1003.2517,0,0
127.52,-0.28920063,5.2861514000000005,8.320451,1003.2541,0,0
127.56,-0.28920063,5.2861514000000005,8.320451,1003.2238,0,0
127.6,-0.22710064,5.352885,8.126338,1003.2466,0,0
127.64,-0.18410736,5.42915,8.036382000000001,1003.2514,0,0
127.68,-0.24148998,5.3242865,8.268365,1003.2339,0,0
127.72,-0.241515,5.352886,8.126330000000001,1003.2492,0,0
127.76,-0.3084572,5.405319,8.069516,1003.2515,0,0
127.8,-0.30846968,5.37672,8.249422000000001,1003.23914,0,0
127.84,-0.37065712,5.2861567,7.927477400000001,1003.2517,0,0
127.88,-0.16991791,5.3814874,7.9890237000000015,1003.2567,0,0
127.92,-0.055227574,5.529252,7.790177000000001,1003.2439,0,0
127.96,-0.15562844,5.4434543,8.012691,1003.2314,0,0
128.0,-0.1843322,5.4196224000000015,8.078971000000001,1003.2313,0,0
128.04,-0.1843322,5.4196224000000015,8.078971000000001,1003.234,0,0
128.08,-0.19870913,5.505421,8.13578,1003.20874,0,0
128.12,-0.26917306,5.495858,8.334739,1003.259,0,0
128.16,-0.26917306,5.495858,8.334739,1003.2517,0,0
128.2,-0.17832059,5.500623,8.012802,1003.2264,0,0
128.24,-0.29302388,5.390992,7.9465210000000015,1003.2541,0,0
128.28,-0.13048644,5.505389,7.804491,1003.2665,0,0
128.32,-0.21648678,5.4148239999999985,8.041215,1003.2514,0,0
128.36,-0.23081416,5.4195895,8.197451,1003.25653,0,0
128.4,-0.07304445,5.54352,8.069625,1003.2489,0,0
128.44,-0.034794025,5.624551,7.8944535,1003.2541,0,0
128.48,-0.092139624,5.543519,7.7524223,1003.2464,0,0
128.52,-0.35976046,5.4005212999999985,8.036491,1003.23627,0,0
128.56,-0.33584934,5.4148207,8.022289,1003.2188,0,0
128.6,-0.33581322,5.4338856,8.12645,1003.2414,0,0
128.64,-0.40271845,5.376687,8.363171000000001,1003.2314,0,0
128.68,-0.38834286,5.400519,7.884999,1003.2439,0,0
128.72,-0.24970448,5.4624834,8.273223,1003.2541,0,0
128.76,-0.19710253,5.4148172999999975,8.022302,1003.2565,0,0
128.8,-0.15885209,5.4148172999999975,8.202209,1003.2665,0,0
128.84,-0.044100616,5.3719172,7.875539,1003.2439,0,0
128.88,0.027608436,5.3862166,7.937086999999999,1003.2439,0,0
128.92,-0.020177549,5.3766828,8.112262,1003.2441,0,0
128.96,-0.020141393,5.390982,8.064919999999999,1003.2361,0,0
129.0,-0.2256489,5.2336845,8.367925999999999,1003.27655,0,0
129.04,-0.06311147,5.4767785,7.984441,1003.2337,0,0
129.08,0.022949105,5.3528476,8.216428,1003.25885,0,0
129.12,0.046224616,5.433894,8.329997,1003.2464,0,0
129.16,-0.07327172,5.367162,8.126418,1003.25885,0,0
129.2,-0.044594184,5.300431,8.282653,1003.2565,0,0
129.24,-0.020696448,5.4291277,7.894431599999999,1003.2111,0,0
129.28,-0.011137455,5.467261,7.8707595,1003.22107,0,0
129.32,-0.2262299,5.143134,8.580919,1003.27386,0,0
129.36,-0.092397325,5.305197,8.069604,1003.2487,0,0
129.4,0.046215758,5.309964,8.2021675,1003.22614,0,0
129.44,-0.11151908,5.2670650000000006,8.311058000000001,1003.25885,0,0
129.48,-0.11629946,5.2289330000000005,8.187964,1003.24615,0,0
129.52,-0.04460367,5.2670650000000006,7.951243400000001,1003.2661,0,0
129.56,0.027092094,5.2956650000000005,8.41995,1003.269,0,0
129.6,-0.068505295,5.238466000000002,8.21637,1003.23364,0,0
129.64,-0.14498339999999998,5.1622010000000005,8.287386,1003.2361,0,0
129.68,-0.0015911881,5.3004313,7.9465084,1003.23364,0,0
129.72,-0.04939049,5.2432327,8.1832285,1003.2157,0,0
129.76,0.01274571,5.324264,8.221103999999999,1003.25366,0,0
129.8,0.01274571,5.324264,8.221103999999999,1003.23096,0,0
129.84,-0.09719107,5.2098665,8.32526,1003.2182,0,0
129.88,-0.03505615,5.3099647,8.206901,1003.2612,0,0
129.92,-0.1545519,5.224166,8.211634,1003.24066,0,0
129.96,-0.07807692,5.3623962,8.036462,1003.2462,0,0
130.0,-0.06851796,5.3099647,8.098009,1003.2583,0,0
130.04,-0.235813,5.1765013,8.500433000000001,1003.2734,0,0
130.08,-0.17845596,5.2194004000000005,8.429418,1003.2558,0,0
130.12,-0.08691739,5.3433123,8.164357,1003.2382,0,0
130.16,-0.18726663,5.309946,8.240109,1003.2382,0,0
130.2,-0.20159274,5.2146144,8.372672999999999,1003.22565,0,0
130.24,-0.22069865,5.186015,8.320597,1003.27094,0,0
130.28,-0.28279614,5.2003135999999985,8.590461999999999,1003.23816,0,0
130.32,-0.26365027,5.262278,8.135961,1003.2382,0,0
130.36,-0.19193989,5.305177,8.027071000000001,1003.25323,0,0
130.4,-0.14410193,5.3337755,8.173841,1003.2308,0,0
130.44,-0.24924427,5.3004093,8.102826,1003.24585,0,0
130.48,-0.25877726,5.205076999999998,8.046016,1003.26074,0,0
130.52,-0.26831022,5.138345200000002,8.386894,1003.2584,0,0
130.56,-0.25394416,5.252742,7.804566,1003.25323,0,0
130.6,-0.10095054,5.324239,8.476855,1003.21045,0,0
130.64,-0.28732294,5.243207,8.282748,1003.24066,0,0
130.68,-0.26819038,5.267039,8.121779,1003.2406,0,0
130.72,-0.20602629,5.2622714,8.088641,1003.2406,0,0
130.76,-0.24423805,5.2146053,8.330098,1003.2632,0,0
130.8,-0.22507894,5.305169,8.088648,1003.23566,0,0
130.84,-0.1199099,5.338535,8.296961999999999,1003.2531,0,0
130.88,-0.13422269,5.224137000000002,8.467403,1003.2431,0,0
130.92,-0.07683839999999999,5.3528333,8.112326,1003.23303,0,0
130.96,-0.07683839999999999,5.3528333,8.112326,1003.2253,0,0
131.0,-0.15805513,5.1860027,8.041313,1003.2506,0,0
131.04,-0.20581321,5.2193675000000015,8.325380000000001,1003.25574,0,0
131.08,-0.1257584,5.2765956,8.183239,1003.2353,0,0
131.12,-0.14966883,5.252763,8.079081,1003.2556,0,0
131.16,-0.26441833,5.2003317,8.187969,1003.2531,0,0
131.2,-0.25487015,5.119301,8.154827000000001,1003.23303,0,0
131.24,-0.030253597000000007,5.362396,7.8612905,1003.24786,0,0
131.28,-0.14976008,5.2289330000000005,8.287386999999999,1003.23773,0,0
131.32,-0.26450956,5.1288357000000016,8.282648,1003.2199,0,0
131.36,-0.1737047,5.1908016,8.372601,1003.2481,0,0
131.4,-0.0303334,5.300432700000001,8.031722,1003.2805,0,0
131.44,-0.10683308,5.257534,8.050658,1003.2352,0,0
131.48,-0.27414897,5.1097712999999985,8.457815,1003.2477,0,0
131.52,-0.20247471,5.219403,8.07906,1003.25793,0,0
131.56,-0.13558029,5.2432365,8.367857,1003.2679,0,0
131.6,-0.2742174000000001,5.119306,8.221086999999999,1003.2378,0,0
131.64,-0.22644217,5.2051053,8.54776,1003.2378,0,0
131.68,-0.2312562,5.128841,8.159535,1003.2453,0,0
131.72,-0.29340503,5.1383743,8.249488000000001,1003.25037,0,0
131.76,-0.19305193,5.267071700000002,8.249486,1003.2629,0,0
131.8,-0.2695402,5.128842400000001,8.666113000000001,1003.2427,0,0
131.84,-0.28390244,5.114543,8.306296000000001,1003.2503,0,0
131.88,-0.1357627,5.171742,8.320496,1003.20465,0,0
131.92,-0.08319625,5.2194080000000005,7.989086,1003.24,0,0
131.96,-0.044992067,5.2289424,8.353633,1003.24506,0,0
132.0,-0.28879628,4.9906154,8.334692,1003.24506,0,0
132.04,-0.28879628,4.9906154,8.334692,1003.2503,0,0
132.08,-0.11572356,5.181253,8.173814,1003.26263,0,0
132.12,-0.2734381,5.133587,8.386864,1003.232,0,0
132.16,-0.2734381,5.133587,8.386864,1003.22473,0,0
132.2,-0.19693267,5.157418700000001,8.259037,1003.24506,0,0
132.24,-0.034400333,5.257516000000002,8.221163,1003.2245,0,0
132.28,-0.063050605,5.0239544,8.481558999999999,1003.25214,0,0
132.32,0.027784692000000003,5.162184,8.282715,1003.26263,0,0
132.36,0.08038156,5.1812496,8.202232,1003.23456,0,0
132.4,0.02782275,5.147883,8.074405,1003.2398,0,0
132.44,-0.096433125,5.1145167,8.457892999999999,1003.222,0,0
132.48,-0.16812071,5.071618,8.216439,1003.2523,0,0
132.52,-0.1824315,5.08115,9.063901,1003.26733,0,0
132.56,-0.29235753,5.0573172999999985,7.837690400000001,1003.25226,0,0
132.6,-0.26365015,5.233679,7.913444,1003.2194,0,0
132.64,-0.20628297,5.2479787,8.003399,1003.227,0,0
132.68,-0.06286986,5.2050790000000005,8.311136,1003.2775,0,0
132.72,-0.1584374,5.286109400000001,7.9939337,1003.25494,0,0
132.76,-0.1584374,5.286109400000001,7.9939337,1003.22186,0,0
132.8,-0.105840534,5.3194747000000016,8.206984,1003.2272,0,0
132.84,-0.11538106,5.21461,8.429503,1003.222,0,0
132.88,-0.09624289,5.3099413,8.434238,1003.2272,0,0
132.92,-0.04841626,5.271808,7.9371285,1003.23474,0,0
132.96,-0.07708557,5.2432084,8.083896000000001,1003.24445,0,0
133.0,-0.14397429,5.138344,8.169118,1003.22455,0,0
133.04,-0.09137745,5.276573,8.202261,1003.24695,0,0
133.08,-0.06746893,5.3004055,8.495794,1003.2294,0,0
133.12,-0.16368629999999998,5.243222,8.126453999999999,1003.2545,0,0
133.16,-0.101558335,5.3194870000000005,8.1548605,1003.24194,0,0
133.2,-0.11112432,5.2146230000000005,8.348969,1003.24194,0,0
133.24,-0.11112432,5.2146230000000005,8.348969,1003.24194,0,0
133.28,-0.21628948,5.2289233,8.45786,1003.23444,0,0
133.32,-0.16849779999999998,5.23369,8.154859,1003.2545,0,0
133.36,-0.087250605,5.243223,8.282686,1003.23944,0,0
133.4,-0.130272,5.2336903,8.121716000000001,1003.2118,0,0
133.44,-0.16851366,5.2098575,7.974949,1003.25476,0,0
133.48,-0.24499999,5.1478925,8.069636000000001,1003.23193,0,0
133.52,-0.31192362,5.157426,8.287417999999999,1003.24445,0,0
133.56,-0.3645046,5.1478925,8.15012,1003.2219,0,0
133.6,-0.10162176,5.3194885,8.145385000000001,1003.22687,0,0
133.64,-0.07294924,5.1574264,8.633028,1003.23444,0,0
133.68,-0.21156994,5.1288269999999985,8.391573,1003.267,0,0
133.72,-0.08730136599999999,5.2384577000000005,8.187994,1003.2467,0,0
133.76,-0.24026456,5.1526604,8.050694,1003.252,0,0
133.8,-0.27372637,5.1002283,8.230602000000001,1003.2291,0,0
133.84,-0.21159847,5.133594,8.206928,1003.2265,0,0
133.88,-0.21159847,5.133594,8.206928,1003.2492,0,0
133.92,-0.20204519,5.0906954,8.448382,1003.23444,0,0
133.96,-0.111238465,5.252758,8.178519999999999,1003.234,0,0
134.0,-0.15426302,5.1907935,8.263741,1003.2492,0,0
134.04,-0.19250776,5.090696,8.647226,1003.2365,0,0
134.08,-0.11603724,5.1526613,8.116972,1003.23895,0,0
134.12,-0.10102419,5.1335783,8.462645,1003.2138,0,0
134.16,-0.05320579,5.2146089999999985,8.0365505,1003.23145,0,0
134.2,-0.034076452,5.162177,8.20699,1003.23645,0,0
134.24,-0.06750461,5.114511,8.192789,1003.21356,0,0
134.28,-0.0866035,5.14311,8.278011,1003.2111,0,0
134.32,-0.26343593,4.9858127,8.429514,1003.2464,0,0
134.36,-0.091342695,5.1002097,8.443719999999999,1003.21606,0,0
134.4,0.0042737243,5.05731,8.339564,1003.23645,0,0
134.44,-0.010055533,5.0859094,8.207001,1003.20856,0,0
134.48,0.009094148,5.047776,8.528943,1003.2387,0,0
134.52,-0.07692204,4.947678,8.28749,1003.2238,0,0
134.56,-0.076901704,5.0334754,8.4579315,1003.24396,0,0
134.6,-0.076881394,5.0859074999999985,8.424792,1003.2264,0,0
134.64,-0.08643084,5.0525410000000015,8.273292,1003.2515,0,0
134.68,-0.08162059,5.0859065,8.434264,1003.2135,0,0
134.72,0.07613328,5.162170400000001,8.40586,1003.2464,0,0
134.76,-0.115038544,5.0048738,8.467409,1003.2311,0,0
134.8,-0.09111925,5.1574025,8.19755,1003.23895,0,0
134.84,-0.07675949,4.947674299999999,8.382194,1003.2412,0,0
134.88,-0.10064839,4.919074500000002,8.590508,1003.2286,0,0
134.92,0.09535406,5.0477705,8.131274000000001,1003.2261,0,0
134.96,0.14316225,5.0668364000000015,8.396401,1003.23364,0,0
135.0,0.114513874,5.1431007000000015,8.254372,1003.23645,0,0
135.04,-0.12445597,4.928605,8.315921000000001,1003.2286,0,0
135.08,-0.11010647,5.014403,8.145484,1003.2185,0,0
135.12,-0.03838963,5.0287023,8.510035,1003.21356,0,0
135.16,-0.043149132,5.0287013,8.3064575,1003.23865,0,0
135.2,-0.09091674,5.028701,8.292257000000001,1003.2311,0,0
135.24,-0.02876915,5.023934400000001,8.27332,1003.2361,0,0
135.28,-0.16257325,4.87617,8.325401,1003.2185,0,0
135.32,-0.16256312,4.9381347,8.211777,1003.24365,0,0
135.36,-0.05259716,4.9810333,8.547922,1003.24615,0,0
135.4,-0.028687978,4.9667330000000005,8.57633,1003.23584,0,0
135.44,-0.004778827,5.009632,8.358547,1003.24365,0,0
135.48,0.11951638,5.062064,8.405892999999999,1003.2386,0,0
135.52,-0.014297859,4.990565,8.377489,1003.2487,0,0
135.56,-0.124213025,4.995331299999998,8.18338,1003.24603,0,0
135.6,-0.10507358,4.938132,8.372758000000001,1003.25366,0,0
135.64,-0.10983308,4.904765599999998,8.5432,1003.2612,0,0
135.68,0.124407776,5.1144934,8.292278,1003.22565,0,0
135.72,0.043171402000000005,4.9762626,8.349093,1003.22314,0,0
135.76,-0.08108322,4.8999968,8.202328999999999,1003.24603,0,0
135.8,0.014522997,5.0000944,8.292283,1003.256,0,0
135.84,0.048001934,5.0858919999999985,8.297018,1003.2334,0,0
135.88,-0.095351614,4.9381275,8.547946000000001,1003.2382,0,0
135.92,-0.095351614,4.9381275,8.547946000000001,1003.2255,0,0
135.96,-0.11923032,4.909528,8.595291,1003.23065,0,0
136.0,-0.07141199,4.8618617,8.439058000000001,1003.2233,0,0
136.04,0.04811355,4.9571924,8.211808999999999,1003.256,0,0
136.08,-0.15315308,4.933372,8.481624,1003.23834,0,0
136.12,-0.1292547,4.909539,8.386935000000001,1003.23834,0,0
136.16,0.018917346,4.933372,8.689938,1003.2334,0,0
136.2,0.018916069,4.961971299999999,8.079199000000001,1003.22046,0,0
136.24,-0.13403891,4.8475738,8.320654,1003.23834,0,0
136.28,-0.08146172,4.876174,8.382201,1003.24304,0,0
136.32,-0.12448184,4.866640599999998,8.268575,1003.2353,0,0
136.36,0.023690794,4.981038,8.54317,1003.2505,0,0
136.4,0.023690138,4.990571,8.278044,1003.23804,0,0
136.44,-0.028888974,4.990571,8.623655,1003.2302,0,0
136.48,-0.21530257,4.847574,8.453217,1003.2304,0,0
136.52,-0.081469335,4.923839,8.718342999999999,1003.21295,0,0
136.56,-0.10058982,5.04777,8.292247,1003.22546,0,0
136.6,-0.20574677,4.9524384,8.694671000000001,1003.2481,0,0
136.64,-0.2822249,4.818975,8.415339999999999,1003.2304,0,0
136.68,-0.28700662,4.885707,8.192822,1003.2379,0,0
136.72,-0.28700662,4.885707,8.192822,1003.215,0,0
136.76,-0.24399023,4.818975,8.689936,1003.2404,0,0
136.8,-0.16273488,4.923839,8.462684,1003.22534,0,0
136.84,-0.0050025973,5.0001044000000014,8.173885,1003.23303,0,0
136.88,-0.028902888,4.9572059999999984,8.377464,1003.2302,0,0
136.92,-0.0958208,4.952439,8.235433,1003.215,0,0
136.96,-0.20575753,4.9715056,8.306449,1003.2478,0,0
137.0,-0.22009948,4.9381394,8.81303,1003.2429,0,0
137.04,-0.09582523,5.009638,8.751482000000001,1003.2428,0,0
137.08,-0.05305888,5.0573096,8.117047999999999,1003.2428,0,0
137.12,-0.115207724,5.076376,8.287486,1003.2326,0,0
137.16,-0.12477305,5.04301,8.296954,1003.2452,0,0
137.2,-0.21082096,5.0001115999999985,8.311156,1003.215,0,0
137.24,-0.21561219,4.8904815,8.083903999999999,1003.2427,0,0
137.28,-0.11046793,4.8428154,8.206998,1003.2402,0,0
137.32,-0.13915811,4.799917,8.618889999999999,1003.2301,0,0
137.36,0.009004354499999999,4.8666487,8.296949,1003.2329,0,0
137.4,0.08069000400000001,4.814217,8.836671,1003.2097,0,0
137.44,0.31488330000000003,5.114511,8.249603,1003.2175,0,0
137.48,0.33877656,5.100211,8.543135000000001,1003.2248,0,0
137.52,0.26228833,4.9143157,8.642555999999999,1003.2247,0,0
137.56,0.42479023,5.252742,8.188053,1003.23737,0,0
137.6,0.23836644,5.104978599999999,8.311146,1003.23486,0,0
137.64,0.05672249,4.866651,8.325348,1003.25494,0,0
137.68,-0.034105204,4.737954,8.576271,1003.2198,0,0
137.72,-0.00543209,4.709355,8.315878,1003.2148,0,0
137.76,0.10448629,4.895251,8.49105,1003.2219,0,0
137.8,0.1618268,5.009649,8.713565,1003.2121,0,0
137.84,0.08534422,5.0287156,8.476844,1003.207,0,0
137.88,0.056653984,4.9333844,8.557328,1003.23486,0,0
137.92,-0.0102746645,4.757022,8.420029,1003.2195,0,0
137.96,0.027958035,4.9000187,8.320607,1003.25244,0,0
138.0,0.08529858,4.8094544,8.462636999999999,1003.2096,0,0
138.04,0.1474303,4.8332877,8.661481,1003.1997,0,0
138.08,0.19043715,4.9381523000000005,8.311133,1003.2145,0,0
138.12,0.15830378,4.861854599999999,8.3586,1003.2169,0,0
138.16,0.17268503,4.909519,8.38701,1003.22186,0,0
138.2,0.120169975,4.7712874,8.562189,1003.20416,0,0
138.24,0.23012641,4.8094196,8.742098,1003.2019,0,0
138.28,0.3783631,5.0000800000000005,8.519586,1003.2397,0,0
138.32,0.31626750000000003,4.871382700000002,8.254463000000001,1003.2269,0,0
138.36,0.21593344,4.7855835,8.55747,1003.22437,0,0
138.4,0.23987433,4.852314,8.401238000000001,1003.2043,0,0
138.44,0.17779969,4.890445,8.387039999999999,1003.22437,0,0
138.48,0.19693981,4.9810095,8.273417,1003.20166,0,0
138.52,0.19693981,4.9810095,8.273417,1003.22675,0,0
138.56,-0.022847477,4.7998775999999985,8.443864,1003.2116,0,0
138.6,-0.013266899,4.83801,8.268692,1003.22424,0,0
138.64,0.063272715,4.8666077,8.623778,1003.20685,0,0
138.68,0.025055178,4.780809,8.600108,1003.20166,0,0
138.72,0.10637463,4.8046403,8.443878999999999,1003.2117,0,0
138.76,0.101636685,4.809406,8.723212,1003.2294,0,0
138.8,0.08255935,4.8570704000000005,8.344463000000001,1003.21924,0,0
138.84,0.16861674,4.8952019999999985,8.410748,1003.2294,0,0
138.88,0.11608074,4.7951035000000015,8.642736,1003.23456,0,0
138.92,0.1304411,4.804636,8.481769,1003.22174,0,0
138.96,0.15440288,4.7951016,8.529119,1003.22675,0,0
139.0,0.24528193,4.9619293,8.353952,1003.22174,0,0
139.04,0.1305876,4.8570647000000005,8.727972,1003.2143,0,0
139.08,0.10673042,4.828464,8.353958,1003.2317,0,0
139.12,0.17212789,4.8189683,8.798852,1003.199,0,0
139.16,0.17212789,4.8189683,8.798852,1003.20166,0,0
139.2,0.1386407,4.9000005999999985,8.207048,1003.2166,0,0
139.24,0.15775038,4.9143004,8.358547999999999,1003.2116,0,0
139.28,0.15773132,4.890468599999998,8.439033,1003.23944,0,0
139.32,0.07167584,4.9000015,8.481641,1003.2343,0,0
139.36,0.1337752,5.0096335,8.552652,1003.2217,0,0
139.4,0.023830181,4.961968,8.571589,1003.22925,0,0
139.44,-0.004858155,4.9810348,8.528979,1003.2166,0,0
139.48,-0.052684754,4.8523383,8.3111925,1003.2265,0,0
139.52,0.09069029,4.9905686,8.296988,1003.2367,0,0
139.56,0.033323135,5.071601,8.140753,1003.2343,0,0
139.6,-0.0049438453,4.966737,8.368002,1003.2065,0,0
139.64,0.14321104,5.1812325,8.543173,1003.2116,0,0
139.68,0.066715136,5.1574,8.202293,1003.22156,0,0
139.72,-0.024110653,5.114502,8.2070265,1003.2315,0,0
139.76,-0.10059707,5.0859027,8.377464,1003.24677,0,0
139.8,-0.08628619,5.004872,8.225961,1003.22406,0,0
139.84,-0.043296546,4.9715066,8.410601,1003.2191,0,0
139.88,0.052280534,5.043005,8.344317,1003.22614,0,0
139.92,0.18609597,5.1145043,8.173877000000001,1003.2086,0,0
139.96,0.10960006,5.076372,8.519486,1003.1962,0,0
140.0,0.052232902000000005,5.028707,8.547893,1003.21906,0,0
140.04,0.20994736,5.2098365,8.202278999999999,1003.2238,0,0
140.08,0.15257068,5.128805000000002,8.311167999999999,1003.23914,0,0
140.12,0.081435084,5.0715933,8.424846,1003.2312,0,0
140.16,-0.11931286,4.9905615,8.368033,1003.23914,0,0
140.2,0.02886483,5.023927,8.339627,1003.2214,0,0
140.24,0.09100799,5.1287913,8.282814,1003.2108,0,0
140.28,0.09100989,5.1478577,8.24494,1003.24396,0,0
140.32,0.08145411,5.1001916,8.24494,1003.2163,0,0
140.36,0.095799185,5.1144915,8.519535000000001,1003.2008,0,0
140.4,0.14359917,5.147857,8.263879,1003.2214,0,0
140.44,0.10058473,5.0858919999999985,8.391707,1003.2158,0,0
140.48,0.024111662,5.01916,8.178658500000001,1003.206,0,0
140.52,0.04801448,5.0000935,8.311223,1003.2362,0,0
140.56,0.10537596,5.014393,8.377505000000001,1003.2309,0,0
140.6,0.09582015,5.0191593,8.287552,1003.24896,0,0
140.64,0.22965847,5.062059,8.368037,1003.2108,0,0
140.68,0.24878149,5.1287904000000015,8.159724,1003.23114,0,0
140.72,0.20576513,5.042992,8.495866,1003.2134,0,0
140.76,0.1292921,4.9238285999999984,8.576352,1003.23364,0,0
140.8,0.23445539,4.9524274,8.481664,1003.2289,0,0
140.84,0.18188137,4.981027,8.401178999999999,1003.22864,0,0
140.88,0.19144283,5.000093,8.382242999999999,1003.23114,0,0
140.92,0.18188708,4.9619602999999985,8.330164,1003.1907,0,0
140.96,0.18666874,4.9619602999999985,8.353837,1003.2183,0,0
141.0,0.19145429,5.0429910000000016,8.472197999999999,1003.24365,0,0
141.04,0.19145615,5.0191584,8.344368,1003.2085,0,0
141.08,0.11020331,4.876162,8.339635000000001,1003.21075,0,0
141.12,0.23451652,4.976258799999999,8.368044,1003.2236,0,0
141.16,0.22973926,5.0048580000000005,8.263888,1003.21576,0,0
141.2,0.22018725,4.947659,8.377514,1003.2208,0,0
141.24,0.22496958,4.9524255,8.614235,1003.2359,0,0
141.28,0.13415837,5.0048575,8.126592,1003.208,0,0
141.32,0.05768661,4.90476,8.505344000000001,1003.22833,0,0
141.36,-0.06658324,4.7045645999999985,8.429594,1003.2381,0,0
141.4,0.19153379,4.9142923,8.344375999999999,1003.23584,0,0
141.44,0.16763984,4.8666269999999985,8.46747,1003.21796,0,0
141.48,0.09116548,4.809428,8.609503,1003.2434,0,0
141.52,0.08639073,4.8904595,8.396456,1003.2205,0,0
141.56,0.14853327,4.8809260000000005,8.524284,1003.24066,0,0
141.6,0.17721719,4.8761597000000005,8.71366,1003.2205,0,0
141.64,0.11986206,4.871393,8.652114,1003.2156,0,0
141.68,0.03383573,4.7426953,8.604771000000001,1003.218,0,0
141.72,0.08163632,4.7951274,8.481677000000001,1003.21783,0,0
141.76,0.13422173,4.885692,8.642647,1003.23065,0,0
141.8,0.12466467,4.8618593,8.628445,1003.26355,0,0
141.84,0.0959909,4.809427,8.434334,1003.21796,0,0
141.88,0.17247285,4.9381237,8.458008,1003.20526,0,0
141.92,0.08643889999999999,4.8189597,8.694728,1003.21277,0,0
141.96,0.043425765,4.7522283,8.334912,1003.22284,0,0
142.0,0.14381176,4.7760606,8.382257000000001,1003.208,0,0
142.04,0.096016265,4.7855940000000015,8.325445,1003.23035,0,0
142.08,0.16784368,4.9047540000000005,8.476957,1003.22797,0,0
142.12,0.16784368,4.9047540000000005,8.476957,1003.2181,0,0
142.16,0.019684993,4.79989,8.552710000000001,1003.22034,0,0
142.2,0.17743373,4.9142866,8.846245,1003.23816,0,0
142.24,0.17743373,4.9142866,8.846245,1003.21027,0,0
142.28,0.07707816,4.7522235,8.472228,1003.20776,0,0
142.32,0.14878029,4.861853599999999,8.524307,1003.21,0,0
142.36,0.17747432,4.790355,8.216573,1003.18994,0,0
142.4,0.25396135,4.833254,8.519574,1003.22504,0,0
142.44,0.09623796,4.9047523,8.434357,1003.22784,0,0
142.48,0.0006520137,4.7474555999999986,8.685281,1003.2278,0,0
142.52,0.19185431,4.7617555,8.628469,1003.2305,0,0
142.56,0.28746057,4.780821,8.699486,1003.2125,0,0
142.6,0.21576855,4.780821,8.600063,1003.2253,0,0
142.64,0.2492424,4.8618517,8.429627,1003.21515,0,0
142.68,0.10585847,4.7522206,8.538519,1003.2351,0,0
142.72,0.019827057,4.7188544000000014,8.600066,1003.2276,0,0
142.76,0.13933735,4.799886,8.609537,1003.2002,0,0
142.8,0.13933735,4.799886,8.609537,1003.2001,0,0
142.84,0.13935259,4.8618507000000015,8.424896,1003.2127,0,0
142.88,0.18237588,4.899983,8.169239,1003.215,0,0
142.92,0.22062445,4.8713837,8.481711,1003.2175,0,0
142.96,0.04856677,4.799885,8.377555000000001,1003.2303,0,0
143.0,0.14895277,4.8666167,8.623746,1003.2303,0,0
143.04,0.2349943,4.923815,8.368089,1003.21497,0,0
143.08,0.1824266,4.785585,8.557466,1003.1873,0,0
143.12,0.3449873,5.023911,8.278139,1003.2074,0,0
143.16,0.30197477,4.9285803,8.448578999999999,1003.2047,0,0
143.2,0.12513915,4.823715,8.476987,1003.21234,0,0
143.24,0.24463996,4.933346,8.3917675,1003.2022,0,0
143.28,0.115608044,4.9238124,8.633224499999999,1003.23,0,0
143.32,0.45976532,5.1144743,8.600085,1003.21497,0,0
143.36,0.49323535,5.124007,8.415444,1003.2122,0,0
143.4,0.3068287,4.9333444,8.600086,1003.2223,0,0
143.44,0.14910658,4.785581,8.145585,1003.19714,0,0
143.48,0.21124975,4.8618455,8.240273,1003.23505,0,0
143.52,0.16824862,4.861845,8.140852,1003.2174,0,0
143.56,0.1730398,4.9142769999999985,8.514872,1003.2274,0,0
143.6,0.1730398,4.9142769999999985,8.514872,1003.18695,0,0
143.64,0.20651555,5.0620403,8.325496000000001,1003.2122,0,0
143.68,0.07269244,4.8046455,8.675842999999999,1003.2173,0,0
143.72,0.14917499,4.823712,8.472265,1003.19434,0,0
143.76,0.27346703,4.8523107,8.188203,1003.2223,0,0
143.8,0.16354865,4.7188463,8.391783,1003.245,0,0
143.84,0.18745336,4.7855787,8.363377999999999,1003.2046,0,0
143.88,0.2400426,4.8094106,8.486473,1003.2069,0,0
143.92,0.18270205,4.785578299999999,8.510147,1003.2145,0,0
143.96,0.14447504,4.766511,8.311302,1003.2145,0,0
144.0,0.12058172,4.728379,8.510148,1003.222,0,0
144.04,0.19706997,4.780810400000001,8.557492,1003.22723,0,0
144.08,0.15884295,4.7331448,8.429666000000001,1003.21185,0,0
144.12,0.11525503,4.6187615,8.680536,1003.2247,0,0
144.16,0.28731653,4.804657,8.226032,1003.2245,0,0
144.2,0.26340035,4.718858999999999,9.054552,1003.2145,0,0
144.24,0.03874384,4.6664276,8.912519,1003.2121,0,0
144.28,0.22035925,4.695028,8.666328,1003.2069,0,0
144.32,0.22035351,4.680728,8.779954,1003.19904,0,0
144.36,0.19644308,4.7045608,8.47695,1003.23456,0,0
144.4,0.119954765,4.6950283,8.62845,1003.2068,0,0
144.44,0.16774711,4.699795,8.533763,1003.23444,0,0
144.48,0.13427703,4.6330633,8.652122,1003.2219,0,0
144.52,0.23941553,4.7617607,8.5669,1003.2169,0,0
144.56,0.22507045,4.7188615999999985,8.486415,1003.2018,0,0
144.6,0.22027348,4.7188620000000014,8.495882,1003.2191,0,0
144.64,0.08642180000000001,4.575866,8.680522999999999,1003.23193,0,0
144.68,0.19157176,4.6902633,8.685255999999999,1003.20184,0,0
144.72,0.29672176,4.8094277000000005,8.486411,1003.23193,0,0
144.76,0.13419126,4.633065,8.708926,1003.21436,0,0
144.8,0.12940574,4.6330657,8.756269999999999,1003.2068,0,0
144.84,0.24410388,4.6854977999999985,8.614236,1003.1893,0,0
144.88,0.17717518,4.6425996,8.443797,1003.2244,0,0
144.92,0.27275985,4.737931,8.476935000000001,1003.2043,0,0
144.96,0.1914917,4.6807323,8.60003,1003.23444,0,0
145.0,0.16758126,4.652133,8.557419,1003.22943,0,0
145.04,0.20102845,4.728399,8.467464,1003.1889,0,0
145.08,0.24404097,4.747465,8.576355,1003.2068,0,0
145.12,0.11110903,4.666411,8.533828999999999,1003.20935,0,0
145.16,0.2688667,4.728376,8.709003,1003.21405,0,0
145.2,0.19718166,4.599678,8.7184725,1003.23193,0,0
145.24,0.22588459,4.6902423,8.614319,1003.2269,0,0
145.28,0.36452296,4.8713713,8.197693,1003.22943,0,0
145.32,0.2593914,4.6378093,8.808433,1003.23193,0,0
145.36,0.2928862,4.7617393,8.424951,1003.2191,0,0
145.4,0.3454761,4.718839,8.557514,1003.2417,0,0
145.44,0.24990408,4.6425743,8.543313000000001,1003.2345,0,0
145.48,0.25470796,4.728371,8.51491,1003.2069,0,0
145.52,0.19736241,4.6711725999999985,8.661677000000001,1003.22156,0,0
145.56,0.27386338,4.7474370000000015,8.330271,1003.2241,0,0
145.6,0.25000045,4.6854706,8.666417,1003.2241,0,0
145.64,0.30737016,4.733136,8.491244,1003.2241,0,0
145.68,0.2596083,4.699769,8.477044,1003.20184,0,0
145.72,0.23573332,4.690235,8.581204,1003.229,0,0
145.76,0.245305,4.7140675000000005,8.680628,1003.21155,0,0
145.8,0.22143006,4.6711683,8.56227,1003.21155,0,0
145.84,0.2453532,4.7807984,8.306614,1003.2317,0,0
145.88,0.106775016,4.604435,8.72798,1003.24164,0,0
145.92,0.18326394,4.6807,8.60962,1003.22156,0,0
145.96,0.30756292,4.7283645,8.600154,1003.1937,0,0
146.0,0.23112223,4.7950954,8.368172,1003.2367,0,0
146.04,0.08297239,4.5663004,8.723253,1003.21405,0,0
146.08,0.049525835,4.5043344,8.68538,1003.23413,0,0
146.12,0.3113495,4.7569885,8.54325,1003.21893,0,0
146.16,0.22051425,4.6473584,8.552716,1003.2111,0,0
146.2,0.32086164,4.6902575,8.69948,1003.19604,0,0
146.24,0.3208521,4.723624,8.571651,1003.2133,0,0
146.28,0.12007182,4.6235266,8.633196,1003.2089,0,0
146.32,0.23954794,4.7283916,8.713678,1003.20636,0,0
146.36,0.33513448,4.8618555,8.505363000000001,1003.2367,0,0
146.4,0.13435422,4.5424967,8.817832000000003,1003.2241,0,0
146.44,0.06264764,4.4376326,8.410672,1003.21155,0,0
146.48,0.2538208,4.628295400000002,8.505358,1003.2088,0,0
146.52,0.23467307,4.6235294,8.495888,1003.22363,0,0
146.56,0.19164532,4.6187634000000015,8.618981,1003.21606,0,0
146.6,0.14383778,4.590164700000001,8.552699,1003.22363,0,0
146.64,0.119910255,4.566332,9.068747,1003.21387,0,0
146.68,0.12945087,4.628298,8.552694,1003.22894,0,0
146.72,0.2059087,4.537733599999998,8.746802,1003.2488,0,0
146.76,0.37796265,4.680731,8.472206,1003.19867,0,0
146.8,0.36838403,4.6568985000000005,8.623706,1003.2289,0,0
146.84,0.24887942,4.5711007000000015,8.486407,1003.2163,0,0
146.88,0.24407111,4.518669,8.751531,1003.21356,0,0
146.92,0.30619907,4.6569,8.481667999999999,1003.22845,0,0
146.96,0.25838202,4.6235339999999985,9.040327,1003.2312,0,0
147.0,0.18666595,4.537737,8.756261,1003.2362,0,0
147.04,0.28701332,4.518671,8.661571,1003.2437,0,0
147.08,0.31090283,4.523438,8.301755,1003.2184,0,0
147.12,0.28349626,4.537707,8.614341,1003.1983,0,0
147.16,0.17838813,4.47574,8.761111999999999,1003.2236,0,0
147.2,0.13062179,4.4900392999999985,8.808459,1003.2338,0,0
147.24,0.14499289999999998,4.523403599999999,8.737447,1003.20844,0,0
147.28,0.15456834,4.518637,8.633291,1003.22815,0,0
147.32,0.20239805,4.5138702,8.647497,1003.2108,0,0
147.36,0.15941153,4.532935,8.391842,1003.20294,0,0
147.4,0.18334226,4.470969,8.836879,1003.2333,0,0
147.44,0.19293356,4.575833,8.349238,1003.2155,0,0
147.48,0.1690504,4.561532499999998,8.614366,1003.23584,0,0
147.52,0.14041911,4.5138664,8.581228999999999,1003.2184,0,0
147.56,0.18346904,4.547231,8.680655499999999,1003.21826,0,0
147.6,0.20739979,4.523397,8.576500999999999,1003.23584,0,0
147.64,0.22175504,4.571063,8.63805,1003.20825,0,0
147.68,0.13576612,4.4757304000000016,8.5433655,1003.2236,0,0
147.72,0.107118994,4.4232974,8.959996,1003.2359,0,0
147.76,0.10235503,4.4423633,8.789558999999999,1003.2233,0,0
147.8,0.111946344,4.423296499999998,8.57178,1003.23584,0,0
147.84,0.102402575,4.3756304,8.751689,1003.2131,0,0
147.88,0.2362688,4.4518943,8.955271,1003.1928,0,0
147.92,0.34625185,4.5376916,8.699616,1003.2155,0,0
147.96,0.29368985,4.4375935,8.713821000000001,1003.2158,0,0
148.0,0.19814132,4.4947906,8.552856,1003.22565,0,0
148.04,0.021336151,4.3994584,8.8227215,1003.2258,0,0
148.08,0.04525101,4.4518900000000015,8.756442999999999,1003.208,0,0
148.12,0.059035055,4.380405400000001,8.661703,1003.2133,0,0
148.16,0.12118137,4.48527,8.590689,1003.21277,0,0
148.2,0.07817207,4.475736,8.500734,1003.2231,0,0
148.24,0.030382905,4.3804050000000005,8.780066,1003.25073,0,0
148.28,-0.046085082,4.3804045,8.718519,1003.2333,0,0
148.32,0.17379478,4.518635,8.737457000000001,1003.218,0,0
148.36,0.11644607,4.442369,8.808475,1003.25336,0,0
148.4,0.11645493,4.4185360000000005,8.614365,1003.22577,0,0
148.44,0.18338552,4.4471354000000005,8.6048975,1003.2585,0,0
148.48,0.14993577,4.4566684,8.770602,1003.2158,0,0
148.52,0.15949982,4.5186334000000015,8.661711,1003.1979,0,0
148.56,-0.0077799517,4.389936,8.727995,1003.22046,0,0
148.6,-0.01255533,4.361336,8.803744,1003.22797,0,0
148.64,0.06393041,4.451901,8.794277000000001,1003.21826,0,0
148.68,0.14041618,4.451901,8.600166999999999,1003.22034,0,0
148.72,0.14998466,4.4995660000000015,8.5907,1003.2082,0,0
148.76,0.14999351,4.456667,8.756404,1003.2057,0,0
148.8,-0.017290687,4.3613353,8.709061,1003.21533,0,0
148.84,0.13089211,4.5090985,8.638046000000001,1003.23035,0,0
148.88,0.17391925,4.480499,8.874767,1003.23834,0,0
148.92,0.23128578,4.5948962999999985,8.633313000000001,1003.23804,0,0
148.96,0.14526264,4.4709650000000005,8.98366,1003.20526,0,0
149.0,0.16916612,4.4947977,8.799019,1003.2253,0,0
149.04,0.28867006,4.566296,8.472344999999999,1003.223,0,0
149.08,0.24079011,4.680696,8.524417,1003.2027,0,0
149.12,0.07828184,4.413768,8.983654,1003.23285,0,0
149.16,0.07828184,4.413768,8.983654,1003.2252,0,0
149.2,0.22646087,4.613963,8.704325,1003.2228,0,0
149.24,0.17867297,4.4328346,8.614371,1003.2358,0,0
149.28,0.2025745,4.4328346,8.391855,1003.20276,0,0
149.32,0.19301744,4.409001,8.382387,1003.21265,0,0
149.36,0.21692154,4.4709660000000016,8.510216,1003.20734,0,0
149.4,0.23126854,4.6520953,8.633311,1003.225,0,0
149.44,0.21215191,4.6425624,8.765874,1003.1923,0,0
149.48,0.04964364,4.509098000000002,8.671186,1003.21265,0,0
149.52,-0.08418579400000001,4.394701,8.903172999999997,1003.18756,0,0
149.56,0.044873968,4.4328337,8.765875999999999,1003.22034,0,0
149.6,0.011420393,4.2755364999999985,8.709064,1003.2379,0,0
149.64,0.07834526,4.4137664,8.7137985,1003.2102,0,0
149.68,0.0018735025,4.1945047,8.941051,1003.2255,0,0
149.72,0.15005247,4.313668700000001,8.652253,1003.2075,0,0
149.76,0.12137618,4.299369,8.936316999999997,1003.2379,0,0
149.8,0.06402867,4.3708673,8.860567,1003.235,0,0
149.84,0.06402867,4.3708673,8.860567,1003.2277,0,0
149.88,0.1213914,4.3565674,8.917380999999997,1003.225,0,0
149.92,-0.021995123,4.2183366,8.7516775,1003.2149,0,0
149.96,-0.021995123,4.2183366,8.7516775,1003.2175,0,0
150.0,-0.13192043,4.4137654,8.728007,1003.2425,0,0
150.04,-0.17971337,4.3518,8.997867999999997,1003.2275,0,0
150.08,-0.23706849,4.1802044,9.182509,1003.2099,0,0
150.12,0.1211968,4.3327394,8.3302965,1003.19495,0,0
150.16,0.2406862,4.394705,8.344499,1003.2277,0,0
150.2,0.09729017,4.30414,8.609625999999999,1003.24036,0,0
150.24,0.23589878,4.480503,8.77533,1003.2175,0,0
150.28,0.23589878,4.480503,8.77533,1003.2325,0,0
150.32,0.06860187,4.451904,8.817938,1003.2049,0,0
150.36,-0.2659901,4.2707744000000005,8.718516000000001,1003.23254,0,0
150.4,-0.21819589,4.304140599999998,8.808469,1003.2072,0,0
150.44,-0.19908045,4.266009,8.727984,1003.21234,0,0
150.48,-0.07480746,4.3422737,8.666437,1003.2427,0,0
150.52,-0.017453623999999997,4.337507,8.846344,1003.20483,0,0
150.56,-0.017459303,4.3327403,8.7327175,1003.2022,0,0
150.6,-0.06047948,4.389939,8.761124,1003.2097,0,0
150.64,-0.07004285,4.3661059999999985,8.860546000000003,1003.24,0,0
150.68,-0.07960817,4.2707753,8.685372000000001,1003.21747,0,0
150.72,-0.017472623,4.3184414,8.600153,1003.2147,0,0
150.76,0.068560064,4.456671,8.642761,1003.2379,0,0
150.8,-0.1226359,4.127779,8.836872,1003.24506,0,0
150.84,0.1545889,4.432839,8.917357,1003.23474,0,0
150.88,0.011187198999999998,4.3422747,8.519666,1003.2398,0,0
150.92,0.06376123,4.4566717,8.770589,1003.24005,0,0
150.96,0.06376123,4.4566717,8.770589,1003.2222,0,0
151.0,0.09721225,4.4805045,8.751652,1003.21747,0,0
151.04,0.09721225,4.4805045,8.751652,1003.23737,0,0
151.08,0.1306671,4.547236,8.690104,1003.23004,0,0
151.12,0.10708421,4.6282606,8.50549,1003.2121,0,0
151.16,0.025836382,4.523395,8.548100999999999,1003.2424,0,0
151.2,-0.14144787,4.5090957000000005,8.926853999999997,1003.21716,0,0
151.24,-0.017164085,4.5853605,8.557572,1003.2398,0,0
151.28,-0.06495325,4.532928,8.633322999999999,1003.202,0,0
151.32,-0.13663697,4.3089,8.709075,1003.22473,0,0
151.36,0.011545807,4.3899307,8.491292999999999,1003.2295,0,0
151.4,0.045013327,4.437597,8.699607,1003.19434,0,0
151.44,0.09760002,4.5710597,8.8463745,1003.2169,0,0
151.48,0.09760891,4.5710597,8.609653999999999,1003.2624,0,0
151.52,0.0402557,4.5090938,8.66647,1003.23206,0,0
151.56,0.059383824,4.490028,8.813236,1003.2019,0,0
151.6,0.097626664,4.4947940000000015,8.841642,1003.21967,0,0
151.64,0.08807596599999999,4.4947934,8.685408,1003.23206,0,0
151.68,0.11676811,4.461428,8.723285,1003.2297,0,0
151.72,0.14545135,4.509093,8.761161,1003.2294,0,0
151.76,0.15501983,4.475727,8.595456,1003.2169,0,0
151.8,0.11201494,4.571058,8.562318,1003.2195,0,0
151.84,0.12158342,4.556758,8.595459,1003.23456,0,0
151.88,0.06901001,4.494792,8.728024000000001,1003.2395,0,0
151.92,0.07379868,4.475726,8.732758,1003.2244,0,0
151.96,0.17896326,4.5472245,8.7374935,1003.217,0,0
152.0,0.16941254,4.5376910000000015,8.500774,1003.20404,0,0
152.04,0.13596277,4.480492,8.595462,1003.184,0,0
152.08,0.13119182,4.408993700000001,8.822714999999997,1003.247,0,0
152.12,0.13085017,4.4185348,8.751667,1003.2019,0,0
152.16,0.25511488,4.4709673,8.600164999999999,1003.2144,0,0
152.2,0.19297493,4.437601,8.6049,1003.2269,0,0
152.24,0.14516929,4.37087,8.68065,1003.1968,0,0
152.28,0.15472634,4.3613367,8.723258999999999,1003.24207,0,0
152.32,0.16906324,4.423302,8.732728,1003.23706,0,0
152.36,0.19295464,4.470968,8.529148,1003.2244,0,0
152.4,0.15949349,4.39947,8.808477,1003.2143,0,0
152.44,0.15470856,4.332738,8.865289,1003.25214,0,0
152.48,0.20250155,4.3899364,8.590694000000001,1003.23193,0,0
152.52,0.25029197,4.3851705,8.718522,1003.2417,0,0
152.56,0.12123221,4.318439,8.784802,1003.20905,0,0
152.6,0.12600946,4.3994703,8.76113,1003.2445,0,0
152.64,0.07820638,4.3899370000000015,8.732724000000001,1003.2519,0,0
152.68,0.097320475,4.332739,8.827411999999997,1003.20917,0,0
152.72,0.12121443,4.385171,8.690113,1003.22156,0,0
152.76,0.13076897,4.399471,8.652238,1003.2417,0,0
152.8,0.13554624,4.361338,8.623832,1003.2342,0,0
152.84,0.04472239,4.3089066,8.585955,1003.2417,0,0
152.88,0.049497113,4.4042377,8.614361,1003.2468,0,0
152.92,0.17854676,4.5472345,8.73272,1003.2568,0,0
152.96,0.09728497,4.380405400000001,8.917361999999997,1003.2139,0,0
153.0,0.08294052,4.428071,8.941033000000003,1003.22424,0,0
153.04,0.130736,4.4995694,8.846346,1003.23175,0,0
153.08,0.19286838,4.4233046,8.448655,1003.21155,0,0
153.12,0.169536,4.432824,8.879538,1003.22406,0,0
153.16,0.11219613,4.447123,8.586005,1003.22925,0,0
153.2,0.035737004,4.3422585,8.586007,1003.24164,0,0
153.24,0.15047896,4.4185224000000005,8.846403,1003.2317,0,0
153.28,0.23174451,4.5090866,8.657026,1003.234,0,0
153.32,0.112276085,4.4947867,8.609685,1003.2339,0,0
153.36,0.1409638,4.4804864,8.595483,1003.23663,0,0
153.4,-0.059770204,4.361322,8.808533,1003.2265,0,0
153.44,-0.078862734,4.3946877,8.870082,1003.229,0,0
153.48,-0.078862734,4.3946877,8.870082,1003.2441,0,0
153.52,-0.026249371,4.423286,9.116275,1003.2364,0,0
153.56,0.0693556,4.4280524,8.922166,1003.22394,0,0
153.6,0.22710691,4.494783999999999,8.647571000000001,1003.22424,0,0
153.64,0.13631731,4.4280515,8.368244,1003.239,0,0
153.68,0.13631731,4.4280515,8.368244,1003.24896,0,0
153.72,0.0789952,4.6425457,8.746999,1003.23395,0,0
153.76,-0.040482145,4.504315,9.059471,1003.2364,0,0
153.8,-0.016574213,4.470948,8.903236999999997,1003.24164,0,0
153.84,-0.14082247,4.432816000000001,7.9942335999999985,1003.2466,0,0
153.88,-0.15993282,4.304118,8.401392999999999,1003.2314,0,0
153.92,0.0073869713,4.5329123,8.462943,1003.249,0,0
153.96,-0.05474156,4.49478,8.728071,1003.2189,0,0
154.0,0.0886703,4.6377764,8.51029,1003.23895,0,0
154.04,0.093467884,4.6949744,8.827497,1003.25903,0,0
154.08,-0.08832822,4.590114,8.425056,1003.24396,0,0
154.12,-0.16002020000000006,4.4709496,8.723325,1003.23645,0,0
154.16,-0.021395737,4.5758142,8.657044,1003.234,0,0
154.2,-0.0070461724,4.5376816,8.377715,1003.23663,0,0
154.24,0.0073033622,4.504315,8.633374,1003.2516,0,0
154.28,0.0025336929,4.599646,8.638110000000001,1003.2413,0,0
154.32,0.040777214,4.671144,8.477139,1003.2288,0,0
154.36,-0.15995935,4.466182,8.747003,1003.2437,0,0
154.4,-0.011775256,4.571046,8.604972,1003.2336,0,0
154.44,-0.07390762,4.4757147,8.803816000000003,1003.2439,0,0
154.48,-0.054773197,4.4947805,8.926912,1003.2413,0,0
154.52,0.04560778,4.5901117,8.008439,1003.2609,0,0
