Timestamp,Ax,Ay,Az,P,LPFRMSAcc,LPFPValue,Value,Type
0.0,8.837347,-1.5519732,3.5230047999999994,1006.3604,0.020035208657098656,3.62289744,0,0
0.02,9.329633,-0.9037207,3.0211549,1006.39343,0.05813519627103993,10.4340635352,0,0
0.04,9.745443,-0.8274549999999999,2.632931,1006.4163,0.11264317680616452,20.037945948192,0,0
0.06,9.238747,-0.96568435,2.8459756,1006.4314,0.18059373298855536,32.07495288289824,0,0
0.08,9.410784,-1.1420458999999998,2.9738014,1006.38873,0.26063488555129355,46.21838180802624,0,0
0.1,9.386848,-0.7893199000000001,2.7796874,1006.39166,0.35083464518952523,62.17213940776044,0,0
0.12,9.372477,-0.9227827,2.7796843,1006.38153,0.4496814810131343,79.66803342901764,0,0
0.14,9.52443,-0.6415313,2.9405627,1006.4094,0.5561647223565593,98.46367430585606,0,0
0.16,9.366629,-0.86079127,3.0210412,1006.39966,0.668784947314204,118.34007213312937,0,0
0.18,9.213596,-0.70349294,2.7606418,1006.4073,0.7859331933012217,139.09989927362878,0,0
0.2,9.548114,-0.61292666,2.9500117,1006.4325,0.9074260511006196,160.56567989758904,0,0
0.22,9.261257,-0.7225557,3.262476,1006.3774,1.0319741944869516,182.57776584928902,0,0
0.24,9.299416,-0.7225538,3.01628,1006.37756,1.1586850177121262,204.99332425515357,0,0
0.26,9.127275,-0.7702177,2.902648,1006.395,1.2864465952181643,227.6847576952571,0,0
0.28,9.074623,-0.55095434,3.0730798,1006.40045,1.4146518297961317,250.5382847752296,0,0
0.30000000000000004,8.93116,-0.8464790000000001,3.3618722,1006.4057,1.5427537448230673,273.45278399790243,0,0
0.32,9.002784,-0.84171075,3.626992,1006.39044,1.6706398079958211,296.33861107266364,0,0
0.34,10.364949,-0.8464754000000001,2.1025064,1006.4009,1.7996778190463985,319.11675211606115,0,0
0.36000000000000004,9.566652,-1.0514356000000002,3.2671638,1006.37573,1.928341809900324,341.7176498623893,0,0
0.38,10.154495,-0.8560049999999999,2.9262798,1006.3885,2.057123832873626,364.0806181715402,0,0
0.4,9.891534,-1.2039618,2.7037560000000003,1006.37366,2.184969753927259,386.1527919200885,0,0
0.42,9.752845,-1.3707895,2.784234,1006.40393,2.3113409354522547,407.88866874139336,0,0
0.44,9.79102,-1.3088228000000002,2.4007416,1006.3938,2.4358106123057985,429.24910797322923,0,0
0.46,9.604528,-1.4422845,2.4812195,1006.3838,2.557857906094661,450.200876969776,0,0
0.48,9.642697,-1.6043456,2.8173559,1006.39386,2.677635106084351,470.7161547940333,0,0
0.5,9.360617,-1.5519116000000002,2.1024540000000003,1006.3841,2.7940303461341367,490.77185888228877,0,0
0.52,9.255386,-1.5995754,2.055103,1006.36896,2.906802644634406,510.34922857869486,0,0
0.54,9.269652,-1.8474345,2.7037098,1006.3845,3.0164172080802203,529.4335194195561,0,0
0.56,9.01147,-1.5233068,2.092965,1006.3921,3.121900982893057,548.0134496966307,0,0
0.5800000000000001,9.307749,-1.427974,1.9367231,1006.37714,3.2238494078391056,566.0807853745459,0,0
0.6,9.130827,-1.270676,2.1734374,1006.38965,3.3220114460842907,583.6301950922035,0,0
0.62,9.336285,-1.4899358,2.4669638,1006.38715,3.4170967809977455,600.6587785563937,0,0
0.64,9.173794,-1.4041383,2.1166196,1006.4003,3.508597375463306,617.1659043825491,0,0
0.66,9.623027,-1.270673,1.6289696000000002,1006.3773,3.597273179311188,633.1527617867629,0,0
0.68,9.245357,-1.456567,1.7946677,1006.4006,3.682484466964744,648.6224412066939,0,0
0.7000000000000001,9.178365,-1.6901265,1.6100191,1006.3805,3.764204358394799,663.5793789538009,0,0
0.72,9.608478,-1.6758252,1.6336848,1006.39575,3.8434156436646623,678.0294680829109,0,0
0.74,9.598848,-1.7282556,1.8230544,1006.3856,3.9201931585131593,691.9796489122939,0,0
0.76,9.670483,-1.7806863999999998,1.6620791,1006.38367,3.9946486144160067,705.4378831690524,0,0
0.78,9.397965,-1.3421613,1.349602,1006.39105,4.065986610771148,718.4130103589157,0,0
0.8,8.91991,-1.7377837,1.1507504,1006.3936,4.1334223909039975,730.9145628665867,0,0
0.8200000000000001,9.498202,-1.0227985000000002,1.7709513,1006.3936,4.19832239253618,742.9526591960453,0,0
0.84,9.21134,-1.2277588,0.7530475000000001,1006.39386,4.259932114272225,754.537909435649,0,0
0.86,9.507622,-1.4279524,1.8892987,1006.41156,4.319399741919881,765.6813816893947,0,0
0.88,9.7800045,-1.7187108,2.8314392999999995,1006.3966,4.377857004979898,776.3943285587222,0,0
0.9,9.698674,-1.7902075000000002,1.2312037,1006.384,4.434407512908232,786.6882512296487,0,0
0.92,9.846784,-1.4756129999999998,1.33062,1006.3739,4.4892903441199605,796.5748296372528,0,0
0.94,9.722438,-1.7139392,1.5247244,1006.37885,4.542385952826017,806.0659047915176,0,0
0.96,9.612436,-2.009464,1.4537022,1006.369,4.5935820269970185,815.1733099405765,0,0
0.98,9.339918,-1.4088762,1.6004626,1006.397,4.642194081611876,823.9090184144987,0,0
1.0,9.091304,-1.2134458,1.7898326,1006.37933,4.687858871439426,832.2847835437642,0,0
1.02,8.909597,-1.4994375,1.8277011000000003,1006.3668,4.730491037943198,840.3123048712259,0,0
1.04,9.459204,-1.2515746,2.1117592,1006.3823,4.7714428921022245,848.0032746986345,0,0
1.06,9.707688,-1.3516708999999998,2.2774572,1006.3673,4.8113651792182965,855.3691261292176,0,0
1.08,9.69806,-1.5852302,2.580453,1006.38745,4.850436603417127,862.4212584192157,0,0
1.1,9.535494,-1.5280303999999998,2.660933,1006.38995,4.888318568400275,869.1708098003488,0,0
1.12,9.769618,-1.4517635,2.1022654,1006.39026,4.925181730223435,875.6287034214367,0,0
1.14,9.56511,-1.5232868999999998,1.8324977,1006.3879,4.960511739315977,881.8056313327127,0,0
1.16,9.541186,-1.5185196,2.0976222,1006.38745,4.994419910354433,887.7120593823186,0,0
1.18,9.550718,-1.423188,2.305934,1006.3932,5.0270355728247695,893.3582313131739,0,0
1.2,9.560254,-1.5137519,2.3201346000000003,1006.3857,5.058445485110823,898.7540877185503,0,0
1.22,9.326016,-1.3898206,2.5047739,1006.378,5.088266401746878,903.909312522554,0,0
1.24,9.34511,-1.2515899,2.7178197,1006.3757,5.116693191256451,908.8333481542903,0,0
1.26,9.101313,-1.6186142,2.5615819,1006.3656,5.143328584870543,913.5353421451372,0,0
1.28,9.144304,-1.7091781000000004,2.1496863,1006.38873,5.168192392806954,918.0242962317272,0,0
1.3,8.991325999999997,-1.7330103,2.2585752,1006.3657,5.191159040755318,922.3087651162041,0,0
1.32,9.053436,-1.761609,2.32012,1006.37823,5.212531545209699,926.3971718961093,0,0
1.34,9.263721,-1.5995455,2.02185,1006.38367,5.2326371702778705,930.2976395200074,0,0
1.36,9.636522,-1.499447,2.3674593,1006.3911,5.252423867912514,934.0180291702117,0,0
1.38,10.143152,-1.8521717,3.0302732000000003,1006.3964,5.273335754526447,937.5659276001196,0,0
1.4,10.061869,-2.1905966,3.2007096,1006.389,5.295242629631585,940.9486137134256,0,0
1.42,9.669901,-1.9761007,3.0634098,1006.3639,5.317015977704575,944.1730501937744,0,0
1.44,9.086739,-1.8950689,2.48581,1006.3818,5.337086283037388,947.2461137671132,0,0
1.46,8.862061,-1.9093676,2.1212583,1006.3941,5.354957973798083,950.1744054909536,0,0
1.48,8.995868,-1.7377709,2.2727568,1006.3943,5.371091926705102,952.9642356783718,0,0
1.5,9.172695,-1.5518746,2.1354568,1006.34125,5.385850844632127,955.6214868835324,0,0
1.52,9.5598345,-1.508975,2.178064,1006.3515,5.400121618503778,958.1520620956312,0,0
1.54,9.937411,-1.0799842,2.315359,1006.36676,5.414617040239079,960.5616512654976,0,0
1.56,9.999523,-1.032318,1.8655883,1006.3819,5.429183407425906,962.8557171514357,0,0
1.58,9.841763,-1.2515789,2.007618,1006.3668,5.443547617000612,965.0393936665056,0,0
1.6,9.378096,-1.1324145,2.2443361,1006.35925,5.456823203780719,967.1176417180217,0,0
1.62,8.914428,-1.4231737,2.4100378,1006.38995,5.46832901986044,969.0953620061567,0,0
1.64,9.019335,-1.8712239,2.8077047000000004,1006.34686,5.478824742273559,970.9769810455307,0,0
1.66,8.909366,-1.8902893,3.2385328,1006.3873,5.488466099829124,972.7670567769574,0,0
1.68,9.07662,-1.7139258000000002,3.1485753,1006.3748,5.497510214907146,974.469755568849,0,0
1.7,9.349036,-1.628127,2.7745543,1006.34686,5.506260370583328,976.0890177973166,0,0
1.72,9.454154,-1.5184951999999998,2.542565,1006.3597,5.514761081882222,977.6287723583204,0,0
1.74,9.425442,-1.4851285,2.1022625,1006.3445,5.522726922397238,979.0926761079332,0,0
1.76,9.449306,-1.4851277,1.6761626,1006.37506,5.530067762382242,980.4843980431024,0,0
1.78,9.583106,-1.4803604,1.4915178,1006.3528,5.537037272428386,981.807249792063,0,0
1.8,9.759924,-1.4374605,1.7850478,1006.3502,5.5440996164744965,983.064476218193,0,0
1.82,9.793346,-1.1848321000000002,1.955483,1006.36786,5.551283619174273,984.259253669936,0,0
1.84,9.578221,-1.2896955,2.2632165,1006.3628,5.5582778278299605,985.3945317930844,0,0
1.86,9.635542999999998,-1.3993254,2.556746,1006.3829,5.56537138460106,986.4732216682428,0,0
1.88,9.802805,-1.3564254999999998,2.6040874,1006.36536,5.572872994187204,987.4979637399276,0,0
1.9,9.54466,-1.1466962,2.2158628,1006.3756,5.579943856905795,988.4713853250045,0,0
1.92,9.071423,-1.3182914,1.9365295,1006.3653,5.585577039911274,989.3959187304083,0,0
1.94,9.00925,-1.6233501,2.2916067000000004,1006.3555,5.590060476554158,990.2738909399936,0,0
1.96,8.913619,-1.5756837,2.59934,1006.39044,5.59347202150712,991.1076867609993,0,0
1.98,9.238609,-1.3087558,2.660884,1006.32776,5.5965169308954215,991.8992210121004,0,0
2.0,9.659199,-1.0608939,2.5851305,1006.3706,5.599959444941684,992.6507176407292,0,0
2.02,9.812118,-1.0942588,2.6087990000000003,1006.36053,5.6040662276319955,993.3640953862796,0,0
2.04,9.764284,-1.5232481000000002,1.9175726,1006.3706,5.6084436022203485,994.0412593788573,0,0
2.06,9.807266,-1.6805437,1.7518653000000002,1006.3505,5.613120270909363,994.6839147489347,0,0
2.08,9.539564,-1.4279155,1.8938942,1006.3581,5.617476630547202,995.2937921008393,0,0
2.1,9.549088,-1.4708133,1.9649072,1006.3759,5.621595526585423,995.8725753174189,0,0
2.12,9.725915,-1.5184784,2.4714859,1006.34326,5.626092076240621,996.4216826324459,0,0
2.14,9.281382,-1.3945476,2.3341875,1006.35077,5.629913059726661,996.9426185705272,0,0
2.16,8.8607235,-1.4422123,2.272637,1006.351,5.632269228202218,997.4367877385615,0,0
2.18,8.798553,-1.5852082,2.3720565,1006.3636,5.633299786503649,997.905572139578,0,0
2.2,9.013611,-1.7234375,2.35785,1006.36865,5.633623844194544,998.3502571166141,0,0
2.22,9.405523,-1.451743,2.2536902000000003,1006.3611,5.6339567114224645,998.7720197967027,0,0
2.24,9.56322,-1.6424043000000002,2.2394836,1006.3586,5.634666549211921,999.1720009895613,0,0
2.26,9.668344,-1.5947381,2.0311668000000003,1006.3513,5.635808708476057,999.5512698480085,0,0
2.28,9.630071,-1.5327721,1.9128034,1006.3561,5.637182937742258,999.9108891998798,0,0
2.3,9.223763,-1.6424022,1.7423629,1006.36896,5.6379100143702185,1000.2518979140737,0,0
2.32,9.658681,-1.9998927,2.1779242,1006.3716,5.639250809899787,1000.5752441414444,0,0
2.34,9.486575,-1.937927,2.1495147,1006.3488,5.640748866203992,1000.8817376690404,0,0
2.36,9.395726,-1.732964,1.8181032,1006.32886,5.641980243450793,1001.1721649904154,0,0
2.38,9.1949415,-1.9951239,2.1258366,1006.3742,5.6428061377180025,1001.4475138976168,0,0
2.4,9.161451,-1.9522243,2.1068962000000004,1006.3742,5.643177443197873,1001.7085482619887,0,0
2.42,9.376504,-1.9617562,2.3341439,1006.3614,5.643683287409183,1001.9559484926044,0,0
2.44,9.562883,-1.6995947,2.263125,1006.3437,5.6445413117830805,1002.1903472418036,0,0
2.46,9.515052,-1.570897,2.1779025,1006.37146,5.645528270708293,1002.4125139825247,0,0
2.48,9.55326,-1.7091264,2.1210868,1006.3336,5.6467239339006685,1002.6229364242893,0,0
2.5,9.658377,-1.7043589,2.1068802000000004,1006.359,5.648301990035216,1002.8223155227048,0,0
2.52,9.371557,-1.7615567,2.1636900000000003,1006.36163,5.649685816932485,1003.0112284261833,0,0
2.54,9.094296,-1.9712846,1.9269668,1006.3566,5.6503211342929065,1003.1901952053624,0,0
2.56,9.242436,-2.5337372000000005,2.376732,1006.3541,5.651063586865831,1003.3597203087056,0,0
2.58,9.251961,-2.4050395,2.3625257,1006.35394,5.651842511991594,1003.5202918809083,0,0
2.6,9.256707,-1.9283829,1.9743013,1006.3541,5.652260730802343,1003.6723746313356,0,0
2.62,9.414408,-1.6233226,2.1589403,1006.329,5.6526390907606885,1003.8163188009404,0,0
2.64,9.696384,-1.3849938999999998,2.2062814,1006.3187,5.653492086414532,1003.9525164415196,0,0
2.66,9.777604,-1.0894665,1.9884955,1006.3516,5.654754861196276,1004.0814973775459,0,0
2.68,9.538582,-1.3182604,2.154197,1006.3515,5.656022257002925,1004.2036369420598,0,0
2.7,9.1991825,-1.8854799,2.3056947999999995,1006.34937,5.656877802798929,1004.3192841002726,0,0
2.72,8.998399000000003,-2.3573682,2.2678163,1006.37195,5.657169261161196,1004.4288595265086,0,0
2.74,9.184776,-2.4002662,2.3388293,1006.31635,5.657382286684959,1004.5324753388353,0,0
2.76,9.309015,-2.3240006,2.0642307,1006.3318,5.657602505484403,1004.6305078393872,0,0
2.78,9.299423,-2.1381042000000003,1.7564912,1006.37195,5.6575957229425065,1004.7233985486532,0,0
2.8,9.605297,-2.357365,2.0405524,1006.34924,5.658212037464286,1004.8113298085857,0,0
2.82,9.67696,-1.9140742,1.851173,1006.36163,5.659247807294356,1004.8946069505507,0,0
2.84,9.371017,-1.6900451,1.5434335,1006.3794,5.659839534470929,1004.9735358881693,0,0
2.86,9.380545,-1.8997729,2.116294,1006.3318,5.660360382102174,1005.0481672482512,0,0
2.88,9.313594,-2.0856678,2.4334958,1006.3318,5.660915349147182,1005.1187325959264,0,0
2.9,9.461993,-1.8139794,2.4240475,1006.34436,5.6616750552880895,1005.1854963957866,0,0
2.92,9.34725,-1.9569757,2.3956387,1006.35175,5.6624284276009655,1005.2486874023184,0,0
2.94,9.490617,-1.6280825,2.2772758,1006.34436,5.663275465750395,1005.3084673970417,0,0
2.96,9.423671,-1.8378103,2.2583356,1006.3343,5.664136444552307,1005.3649819977492,0,0
2.98,9.418867,-1.661447,2.0405507,1006.34717,5.664832696443933,1005.4184541757428,0,0
3.0,9.485756,-1.8568752,2.2109869,1006.3367,5.665663368760271,1005.4690078771854,0,0
3.02,9.20372,-1.5232155,1.9316545,1006.3544,5.665802046633256,1005.5168645394223,0,0
3.04,9.361429,-1.6709782,2.0405436000000003,1006.3648,5.665742513993357,1005.5622032538324,0,0
3.06,9.2897005,-1.9712706,2.220448,1006.34674,5.665563809584207,1005.6050888741721,0,0
3.08,9.189299,-2.0332353,1.9079748,1006.3794,5.664969339583697,1005.6457701283566,0,0
3.1,9.141475,-2.209597,2.319866,1006.34674,5.664183443795192,1005.6842395760922,0,0
3.12,9.179686,-1.8997703,2.2677848,1006.34174,5.663143922973694,1005.7205981816372,0,0
3.14,9.566822,-1.3134831,2.3435330000000003,1006.36694,5.662491489337237,1005.7550514760433,0,0
3.16,9.571574,-1.2467506000000002,2.3151238,1006.34424,5.6621612245613075,1005.7876154856664,0,0
3.18,9.418594,-1.4231126,2.2014956000000003,1006.3648,5.661805886457834,1005.8184669088208,0,0
3.2,9.495047,-1.5518091,2.5092297,1006.35693,5.661775233807332,1005.8476656934488,0,0
3.22,9.418541,-1.4088117,1.865348,1006.35675,5.6615357402555455,1005.8752984430496,0,0
3.24,9.633605,-1.7424699,2.2535665000000003,1006.34674,5.661822709772607,1005.9014119302016,0,0
3.26,9.724396,-1.7472358,2.2630332,1006.3569,5.662760946863324,1005.9261255645006,0,0
3.28,9.423238,-1.7281688000000002,2.1162639,1006.34937,5.663596538162728,1005.9494862117348,0,0
3.3,9.427994,-1.8330326,2.2062156,1006.3593,5.66442846034436,1005.9716030092688,0,0
3.32,9.384946,-1.8330319,2.324573,1006.3593,5.665225271534605,1005.9925411207364,0,0
3.34,9.212848,-1.9569616,2.4050553,1006.3139,5.665738463392791,1006.0121989279947,0,0
3.36,9.241499,-1.8997622,2.267755,1006.329,5.6659635216571065,1006.0307090503472,0,0
3.38,9.193673,-1.9474273,2.1920023,1006.324,5.665821898086665,1006.0481204418767,0,0
3.4,9.44767,-1.8044469,2.3246267000000005,1006.34424,5.665866945071827,1006.0645711778412,0,0
3.42,9.318615,-1.856879,2.0452967,1006.35175,5.665711137393421,1006.0801408918993,0,0
3.44,9.409431,-1.7758476000000003,2.1021094,1006.3439,5.665553233232777,1006.0948478240304,0,0
3.46,9.638862,-1.771081,2.3104234,1006.34155,5.665945501921303,1006.1087309970944,0,0
3.48,9.45245,-1.9045446,2.234673,1006.3364,5.666467256760759,1006.1218177772247,0,0
3.5,9.45245,-1.9045446,2.1399848,1006.3237,5.6670580095576835,1006.1341080321497,0,0
3.52,9.275597,-1.8235132,2.106844,1006.3439,5.667308641765046,1006.1457229524857,0,0
3.54,9.375973,-1.7996802,1.723357,1006.35913,5.66729182578349,1006.1567541614656,0,0
3.56,9.767917,-1.7949138,2.3577676,1006.354,5.668090599811706,1006.1672114227388,0,0
3.58,9.266037,-1.8330462,1.8227794,1006.33905,5.668385808316022,1006.1770700776781,0,0
3.6,9.43811,-1.8378127,2.0547655,1006.3513,5.668676878253732,1006.1864084129027,0,0
3.62,9.505027,-1.7138823,1.6949506,1006.3539,5.668908023338196,1006.1952627356208,0,0
3.64,9.567164,-1.7138823,2.1163127,1006.33875,5.669379062366878,1006.2036029693263,0,0
3.66,9.505027,-1.7567813,1.9364052,1006.3187,5.669875115205281,1006.2113867491388,0,0
3.68,9.433331,-1.7615478,1.9127331000000003,1006.35895,5.670239947675798,1006.2187957246845,0,0
3.7,9.332954,-1.8330462,1.8701235,1006.3614,5.670296744114407,1006.2258556708676,0,0
3.72,9.509808,-1.5947185,1.9269364,1006.3513,5.670371872022573,1006.2325454388997,0,0
3.74,9.629302,-1.5947185,1.9790149,1006.3315,5.670724455505733,1006.238812754353,0,0
3.76,9.519366,-1.6566836,2.1920633,1006.33124,5.671214740303142,1006.244683292372,0,0
3.78,9.548045,-1.6805164,1.9600773,1006.3311,5.671789568958768,1006.2501815999127,0,0
3.8,9.41421,-1.8330462,2.0926409,1006.3413,5.672282562314317,1006.2553679306964,0,0
3.82,9.399872,-1.8282797,2.1399848,1006.3261,5.672692278135212,1006.2602052080259,0,0
3.84,9.433331,-1.7091156000000003,2.1399848,1006.354,5.673049017218398,1006.2648170875257,0,0
3.86,9.203899,-1.7424817,1.9506084,1006.3537,5.672828648623077,1006.2692121227363,1,1
3.88,9.294716,-1.5708855,1.9411396,1006.3565,5.672215512012893,1006.2734098122068,1,1
3.9,9.476702,-1.6137933,2.1636891,1006.384,5.671734126171835,1006.2775170152987,1,1
3.92,9.476715,-1.3945318000000002,2.1920967,1006.346,5.671314319349892,1006.281392678696,1,1
3.94,9.448049,-1.4374313,2.3293955000000004,1006.3464,5.670971553516615,1006.2850512412303,1,1
3.96,9.242533,-1.3421005,2.1163487,1006.3664,5.670157051816813,1006.2885768026172,1,1
3.98,9.4146185,-1.3516339,2.3672732999999995,1006.3841,5.669396460668208,1006.2920358721692,1,1
4.0,9.605824,-0.3649571,2.7649648,1006.3588,5.669104388446584,1006.2953326568856,1,1
4.02,9.978662,0.4310575,2.215775,1006.3716,5.6697018455605175,1006.2985202582963,1,1
4.039999999999999,10.136409,0.14506395,2.3341365,1006.33093,5.671440423647299,1006.3014534979727,1,1
4.06,10.227239,0.80284834,3.309425,1006.3787,5.674963796993348,1006.3043233959582,1,1
4.079999999999999,10.5236,1.3986677,2.6560783,1006.3636,5.680392531594918,1006.3070726335927,1,1
4.1,10.385001,0.52638745,2.902269,1006.3486,5.6871785200279845,1006.3096513584856,1,1
4.119999999999999,10.351555,0.10216348,3.0016923,1006.346,5.695103393346376,1006.3120607749104,1,1
4.14,10.126919,-0.31252729999999995,2.75077,1006.3561,5.703424200787565,1006.3143482764737,1,1
4.159999999999998,9.840144,-0.5651552,2.532989,1006.3586,5.711395874464568,1006.3165288190596,1,1
4.18,9.390857,-1.1180761,2.2394571,1006.381,5.718078593846744,1006.3186876427403,1,1
4.199999999999998,9.118422,-1.8473594,1.9269875,1006.3407,5.7231461077869605,1006.3206744238304,1,1
4.22,9.132773,-2.6052425,2.1353025000000003,1006.3508,5.727252559669854,1006.3225383956757,1,1
4.239999999999998,9.180587,-2.8102045,1.7423482,1006.34296,5.730544282158919,1006.324258918974,1,1
4.26,9.261855,-3.391725,1.6381925,1006.3229,5.73360432137792,1006.3257742812517,1,1
4.2799999999999985,10.055318,-4.626264,2.291542,1006.33295,5.739160509199125,1006.327139087948,1,1
4.3,9.778103,-5.8798685,0.7575959,1006.376,5.7471760781736485,1006.3285209304283,1,1
4.3199999999999985,8.48757,-7.2288046,1.2689127,1006.34033,5.7568906335459875,1006.3297844390944,1,1
4.34,7.765833,-5.689207,2.8265333,1006.34033,5.765603163608175,1006.3309388393707,1,1
4.3599999999999985,7.4312606,-5.0457220000000005,-1.6948221,1006.3127,5.771544309634048,1006.3318932076334,1,1
4.38,9.687341,-4.607199,-0.77634627,1006.348,5.7783705371873255,1006.3327944718828,1,1
4.4,11.087263,-4.10193,1.6002736000000002,1006.34796,5.78839515700326,1006.3336454248746,1,1
4.42,11.230647,-1.6042542,2.6465762,1006.34033,5.8006272359563615,1006.3344213914087,1,1
4.44,10.891271,0.55022967,2.2157445,1006.3128,5.813682326310812,1006.3350291984293,1,1
4.46,10.351146,0.9601538,2.068977,1006.3579,5.82631913445928,1006.3356485915981,1,1
4.48,9.529011,0.75042546,2.1399922,1006.3427,5.836869084159348,1006.3362212724724,1,1
4.5,8.926746000000003,1.0793182,2.3483055,1006.36255,5.844494145794246,1006.336822076712,1,1
4.52,8.673408,1.0078200000000002,3.588719,1006.3528,5.8498131349160944,1006.3374104678619,1,1
4.539999999999999,10.260294,0.94108844,2.4998047000000003,1006.3449,5.8554900879313125,1006.3379573325976,1,1
4.56,12.296482,1.5655078000000002,3.4656227,1006.3728,5.866178526767768,1006.338565975881,1,1
4.579999999999999,13.912047,0.7170607,5.4256654000000015,1006.35754,5.885577202848519,1006.3391720795728,1,1
4.6,15.671007,-0.44121242,4.6823625999999985,1006.39026,5.915536595609964,1006.3398915493083,1,1
4.619999999999999,15.661438,-0.6795401,4.8338633,1006.3674,5.9548089614726605,1006.3406263031892,1,1
4.64,13.118573,-1.6471508,4.2562647,1006.3625,5.996942067115952,1006.341354277027,1,1
4.659999999999998,12.836556,-5.1267375999999985,3.0631943,1006.3497,6.0420083567964395,1006.3420275593128,1,1
4.68,13.673012,-6.3660417,2.9164267,1006.35986,6.092006493039851,1006.3426866683267,1,1
4.699999999999998,12.960814,-6.070515,3.3661945,1006.3547,6.144812309124045,1006.3433123050456,1,1
4.72,10.795554,-4.8359766,3.4230065,1006.3848,6.1949454721916135,1006.3440144733522,1,1
4.739999999999998,9.45242,-3.977996,3.7260077,1006.3597,6.239619981758344,1006.3446913771637,1,1
4.76,8.209662,-4.23539,3.4182703,1006.3266,6.277104497390157,1006.345224360414,1,1
4.7799999999999985,6.823511,-4.7120457,3.314113,1006.3392,6.3061891426149,1006.3456736167163,1,1
4.8,5.059754,-5.107669400000002,2.4193094,1006.34467,6.3249525822647525,1006.3460669665648,1,1
4.8199999999999985,4.5483055,-4.7692437000000005,0.8900959,1006.3321,6.332584290480825,1006.3463642494116,1,1
4.84,5.3226255999999985,-5.6748895999999975,0.5350148,1006.32916,6.332739822465356,1006.3465649932367,1,1
4.8599999999999985,7.2154193,-6.4089394,0.9374384,1006.33417,6.330232482840315,1006.3466977485052,1,1
4.88,9.777386,-6.671099000000001,1.5292381000000002,1006.3139,6.330034172837851,1006.3466969791659,1,1
4.9,12.05827,-6.7426205,2.4288592,1006.34656,6.336225945920209,1006.3466958062526,1,1
4.92,12.091756,-5.4794836,3.2289758,1006.3389,6.347283379894277,1006.3466667049637,1,1
4.94,13.133782,-2.9770417,1.4535768,1006.37933,6.362356635659273,1006.3467585789273,1,1
4.96,14.677687,-3.386966,0.9659358,1006.37195,6.384143874787957,1006.3469304478772,1,1
4.98,14.897586,-3.2725694,0.49249786,1006.3818,6.412131023853866,1006.3472078416687,1,1
5.0,14.453091,-3.2153714,1.84654,1006.3717,6.44478978634062,1006.3475411185933,1,1
5.02,13.392001,-1.0847211,2.083263,1006.36664,6.478705427834631,1006.3479043580568,1,1
5.039999999999999,12.087143,0.1259836,2.2395008,1006.384,6.510901519131459,1006.3483552607576,1,1
5.06,10.930457,-0.28870755,2.4430826,1006.38904,6.5391975642293225,1006.3489001434452,1,1
5.079999999999999,10.399927,0.73610157,2.1448178,1006.3964,6.562782546649637,1006.349552601272,1,1
5.1,10.098826,2.2852318,2.367337,1006.3663,6.582072259798221,1006.3501894036427,1,1
5.119999999999999,10.643752,2.1756003,3.12011,1006.3539,6.5989140318420265,1006.3507654403647,1,1
5.14,11.542383,1.0506922,3.4231145,1006.374,6.615157621977234,1006.3513580708267,1,1
5.159999999999998,13.191441,0.9124614,3.6030242,1006.37366,6.634181309060888,1006.351962006048,1,1
5.18,14.759244,-1.1085594,3.8113406,1006.3636,6.65887409345584,1006.3525375399878,1,1
5.199999999999998,15.055621,-1.5089508,2.9922912,1006.38116,6.688779054029819,1006.3531491226332,1,1
5.22,14.792759,-2.524228,2.8928711,1006.389,6.722888323673315,1006.3538185802166,1,1
5.239999999999998,15.270766,-4.826476,3.0538435,1006.4237,6.762711894228687,1006.3546616860492,1,1
5.26,15.791785999999998,-6.337475,2.8928754,1006.3735,6.80942878912721,1006.3554744722928,1,1
5.2799999999999985,16.28414,-7.581547299999999,3.6740553,1006.3707,6.864301315559716,1006.3562474621173,1,1
5.3,13.832128,-6.2183123,3.3426497000000004,1006.3735,6.920352862894244,1006.3569925850627,1,1
5.3199999999999985,11.52829,-4.950409,2.6987731,1006.4184,6.971640075374827,1006.3578720423913,1,1
5.34,10.405064,-4.7978797,2.1495848,1006.3556,7.016089960960287,1006.3586409515336,1,1
5.3599999999999985,8.512288999999999,-5.2125707000000014,2.0880399,1006.36066,7.051303149551897,1006.3593276282268,1,1
5.38,6.700769,-5.021909,1.9460101000000003,1006.3807,7.074901169790146,1006.3600113162912,1,1
5.4,5.534527,-4.3831916,1.0796168,1006.35046,7.085127215984597,1006.3605810383259,1,1
5.42,4.836693,-4.616753599999999,0.18008156,1006.3676,7.082558963821369,1006.3611097129781,1,1
5.44,4.1101975,-5.5271664000000005,-0.3833094,1006.33997,7.0691308448884485,1006.3615007469341,1,1
5.46,5.2287016,-6.1611195,0.724544,1006.35284,7.048679814412748,1006.3618150858484,1,1
5.48,7.919757400000001,-7.266961599999999,1.2453308,1006.33,7.0277239194272765,1006.361978301404,1,1
5.5,9.591652,-7.819856,2.8644025,1006.33966,7.010309235710883,1006.362042172784,1,1
5.52,11.780794,-6.5042863,4.502506,1006.3654,6.9991785507492725,1006.3621106977133,1,1
5.539999999999999,16.488894000000002,-6.0323973,5.2126660000000005,1006.35736,7.002213793755286,1006.362154143829,1,1
5.56,19.476265,-6.203993,3.9627824,1006.32214,7.022963601844629,1006.3620484818993,1,1
5.579999999999999,19.112991,-5.145817299999999,3.5414197,1006.3321,7.057808941996745,1006.361847304483,1,1
5.6,17.22018,-4.4975653,6.462547,1006.35474,7.102545445612383,1006.3616439578219,1,1
5.619999999999999,13.506267,-2.171485,5.5203996,1006.3824,7.1471660606214105,1006.3615390024645,1,1
5.64,11.154596000000002,-2.2334502,4.095343,1006.3874,7.185993096536842,1006.3615393635013,1,1
5.6599999999999975,9.854482,-2.3573804,3.5130105000000005,1006.3748,7.2167210023617585,1006.3615874208048,1,1
5.68,9.065808,-2.2191503,4.109545,1006.3947,7.2390884002524905,1006.3617490895233,1,1
5.6999999999999975,8.912847,-0.6509526999999999,5.3404894,1006.3874,7.254429821629367,1006.3619842832808,1,1
5.72,10.045651,1.1365063,6.1406035,1006.4047,7.266454660494954,1006.3623458770653,1,1
5.7399999999999975,11.049405,2.2280478,5.71924,1006.38934,7.277191796232453,1006.3627625601753,1,1
5.76,12.531136,2.2852468,5.335753,1006.4047,7.2891852275506555,1006.3632817161548,1,1
5.7799999999999985,13.94595,1.8467239,3.4325216,1006.3894,7.303638512258238,1006.3638344682004,1,1
5.8,14.184935,0.07356476,2.2441852000000004,1006.407,7.3199662601179964,1006.3644782758224,1,1
5.8199999999999985,14.466935,-1.7853921999999998,1.4914143,1006.3691,7.338496824277279,1006.365063782444,1,1
5.84,15.38465,-2.967498,1.6855242,1006.3766,7.3612055443537745,1006.365622666478,1,1
5.8599999999999985,15.169551,-3.1629267000000003,1.8322899,1006.3763,7.387202391826966,1006.3661549348112,1,1
5.88,15.51847,-4.106705000000002,1.2973017,1006.3813,7.417052885343058,1006.3666797693453,1,1
5.9,16.804228,-7.247866,2.7507632,1006.4194,7.4551918559513215,1006.3673333059697,1,1
5.92,15.418078,-9.3403845,3.0584989,1006.39636,7.500055889756268,1006.3680152670296,1,1
5.94,13.319738,-8.758863,3.0584981,1006.41156,7.546435747532357,1006.3687746088608,1,1
5.96,12.177359,-6.75691,2.6276667,1006.4041,7.58970598658653,1006.3695727347113,1,1
5.98,9.921284,-5.1744127,2.1684291,1006.419,7.62430638878371,1006.3704558968674,1,1
6.0,8.693277,-3.9875495,2.192138,1006.3838,7.647826056418081,1006.3712842977201,1,1
6.02,7.541353699999997,-3.787355,2.7507985,1006.39136,7.659524232483822,1006.3720885452414,1,1
6.039999999999999,6.308172,-4.6119695,2.7034552000000005,1006.394,7.659472695092775,1006.3728780595883,1,1
6.06,5.4334774,-4.9408617,1.3446819,1006.38354,7.647371095709436,1006.373614057451,1,1
6.079999999999999,4.6400385,-5.951372599999999,0.40253615,1006.3662,7.624854870813336,1006.3742376945556,1,1
6.1,4.58747,-6.35653,0.4972251,1006.3763,7.593835913070962,1006.3747961646006,1,1
6.119999999999999,6.4277024,-5.622481,0.14687985,1006.3682,7.5568419539815155,1006.3752658825402,1,1
6.14,8.798494,-5.9132404,1.0606208,1006.3731,7.519093101877072,1006.3756731281343,1,1
6.1599999999999975,12.345118,-6.1420355,1.9743617,1006.36804,7.487620930975296,1006.37600549108,1,1
6.18,16.670849,-5.860809,1.9317528,1006.3731,7.469804096365527,1006.376288707211,1,1
6.1999999999999975,19.605656,-4.2973785000000015,2.8454938,1006.3957,7.4693040002885045,1006.3766088376384,1,1
6.22,18.826557,-0.46030033,4.6919127,1006.3704,7.4823111079869875,1006.3768693530684,1,1
6.2399999999999975,16.102076,2.1660726,9.118582,1006.38275,7.50559184752008,1006.3771207148312,1,1
6.26,12.8374815,2.104107,8.058077,1006.4055,7.530947839939598,1006.3774449835114,1,1
6.2799999999999985,9.520307,0.1688846,4.3747096,1006.42065,7.5480205216012575,1006.3778870453767,1,1
6.3,9.305224,-0.40786904,3.8160508,1006.3776,7.556853973437812,1006.3782766178772,1,1
6.3199999999999985,9.262215,-1.3182815,3.3946898,1006.3852,7.558140227359562,1006.3786457683149,0,0
6.34,9.080591,-1.4517454,2.6797953,1006.3823,7.551975814600638,1006.3789851048751,0,0
6.3599999999999985,9.4247465,-1.5089442,2.3247159,1006.36957,7.539760213195745,1006.3792510482823,0,0
6.38,10.275558,-1.5804428,2.7271411,1006.3821,7.524162929254695,1006.3794962921032,0,0
6.4,10.47632,-1.7568055,0.8759894,1006.40497,7.50544778855896,1006.3798046948918,0,0
6.42,10.524128,-2.0761652,0.42148745,1006.3618,7.484204256107348,1006.3800123826942,0,0
6.44,10.074833,-2.1428971000000003,-0.4543767,1006.3597,7.459919734404801,1006.3801227710588,0,0
6.46,9.783274,-2.295427,-0.7147682,1006.3899,7.432545342713017,1006.3802555082416,0,0
6.48,9.945797,-2.352626,-1.2686927,1006.36694,7.403005621695148,1006.380324858987,0,0
6.5,9.9755745,-2.6052804,-1.1549665,1006.3819,7.371816824841485,1006.3803918078132,0,0
6.52,9.903926,-2.5576162,-0.02817357,1006.39465,7.338980186996904,1006.3805022932877,0,0
6.539999999999999,9.244366,-2.552851,0.35531798,1006.3872,7.3034923076390745,1006.3806240299973,0,0
6.56,8.93373,-2.595751,1.0465457,1006.36664,7.265300937954223,1006.3806812540456,0,0
6.579999999999999,8.952905,-2.195362,1.0465508,1006.3916,7.224682588992697,1006.3807711247003,0,0
6.6,9.091564,-1.8998363,1.0844302,1006.3742,7.182219125045793,1006.380826878362,0,0
6.619999999999999,9.34973,-2.0094688,1.6762358,1006.3741,7.139022250668418,1006.3808519255352,0,0
6.64,9.569645,-1.7425425,0.7340936,1006.3813,7.095427698993603,1006.3808756702856,0,0
6.6599999999999975,9.282909,-2.300231,1.2359452,1006.3638,7.051406997677042,1006.380835178734,0,0
6.68,9.541074,-2.1191032,0.8287915000000001,1006.3816,7.007512134017088,1006.3808021537552,0,0
6.6999999999999975,9.651058,-1.4660859,-0.44002455,1006.3762,6.963809667680888,1006.3807564051308,0,0
6.72,9.775388,-1.5423521999999998,0.26540682,1006.3687,6.920700954954982,1006.3806725785879,0,0
6.7399999999999975,9.937951,-1.0037326,-0.13701312,1006.3813,6.878458255972817,1006.3806007681717,0,0
6.76,10.057495,-1.3516924,0.6062929,1006.3888,6.8374998236493125,1006.3805668337222,0,0
6.7799999999999985,10.143586,-1.2134637,0.43585935,1006.37103,6.797946641672692,1006.3805025166414,0,0
6.8,9.775589,-1.2754301,0.6962560999999999,1006.39386,6.759066266225599,1006.3804937730088,0,0
6.8199999999999985,9.675266,-1.7377872,0.76727694,1006.3938,6.720872530988454,1006.3805339495523,0,0
6.84,9.770911,-1.8807852,0.17074639,1006.4013,6.683613716944207,1006.3806442073276,0,0
6.8599999999999985,9.42204,-2.1334143,0.6347231,1006.39056,6.64675319519536,1006.3807773279517,0,0
6.88,9.336053,-2.2859452,0.6347276,1006.38074,6.610276268790088,1006.3808948189543,0,0
6.9,9.297863,-2.3431451,0.6773416999999999,1006.39594,6.5742273838806335,1006.381052796656,0,0
6.92,9.493887,-2.1572506,0.6915496,1006.3833,6.538994029290322,1006.3812004756853,0,0
6.94,9.398343,-2.0094886,0.6489448,1006.35034,6.504342554236027,1006.3812198671628,0,0
6.96,9.2167635,-2.0428557,0.748372,1006.3503,6.469992029202257,1006.3811256899513,0,0
6.98,9.403226,-1.999958,0.35542122,1006.3955,6.436342989434944,1006.3810942224827,0,0
7.0,9.417102,-2.0333126,0.3837852000000001,1006.3525,6.4034798769260375,1006.3809634786267,0,0
7.02,9.426696000000002,-1.9618149,0.60157096,1006.3602,6.371441341877116,1006.3807732048326,0,0
7.039999999999999,9.541441,-1.5947908000000002,0.5352918999999999,1006.3904,6.340332282729464,1006.3806397353708,0,0
7.06,9.665748,-1.4041294,0.8714376,1006.3776,6.310400513424732,1006.3805108587068,0,0
7.079999999999999,9.770935,-1.2420672,0.98033184,1006.37756,6.281808444420934,1006.3803863601953,0,0
7.1,9.900019,-1.2706672,1.0608194,1006.3699,6.254792420236332,1006.3802386024137,0,0
7.119999999999999,9.799673,-1.3755322,1.141307,1006.3648,6.2291080614814325,1006.3800524646692,0,0
7.14,9.809266,-1.3469336,0.9140587,1006.36707,6.20465556583242,1006.3798412564853,0,0
7.1599999999999975,9.75194,-1.3612342,1.0797656,1006.3721,6.181300802607549,1006.3796267644107,0,0
7.18,9.790209,-1.4089003999999998,1.226535,1006.3721,6.159127505608644,1006.3794101428616,0,0
7.1999999999999975,9.79502,-1.4946993999999998,1.0750369,1006.38214,6.138077419933751,1006.3792285635468,0,0
7.22,9.699454,-1.5900311000000005,1.1839309,1006.3745,6.1179571755456905,1006.3790510972352,0,0
7.239999999999997,9.627786,-1.7568613000000002,0.96615106,1006.3642,6.098594576739073,1006.3788408240524,0,0
7.26,9.565675,-1.8331268,1.0750446000000002,1006.3617,6.0798974509402335,1006.3785933197013,0,0
7.2799999999999985,9.546596,-1.9236925,1.060845,1006.3516,6.061849841174167,1006.3782774489058,0,0
7.3,9.565746,-1.91416,0.9708944,1006.369,6.044456667920853,1006.3779649466549,0,0
7.3199999999999985,9.565776,-1.8760285,0.9851003,1006.4145,6.027692052377874,1006.377820345858,0,0
7.34,9.608828,-1.7187328000000002,0.8762120000000001,1006.3536,6.0115492693928125,1006.3776053833487,0,0
7.3599999999999985,9.608855,-1.6186359,1.0419188,1006.374,5.996012387444698,1006.3774024630956,0,0
7.38,9.666249,-1.5805042,1.0277188,1006.369,5.981167825348256,1006.3771929138928,0,0
7.399999999999999,9.747533,-1.5852715,0.9709085,1006.3712,5.967143976219673,1006.3769861817267,0,0
7.42,9.680648,-1.7139693,1.2360381,1006.39136,5.953865430796933,1006.3768552589313,0,0
7.439999999999999,9.752377,-1.5423741000000002,1.0703367,1006.38367,5.9413406919501845,1006.3767641086164,0,0
7.46,9.738069,-1.5233085,1.0561365,1006.3812,5.929488612832133,1006.3766995374077,0,0
7.479999999999999,9.809795,-1.3278805,0.6963245,1006.37115,5.918296020749271,1006.3766225039526,0,0
7.5,9.737458,-1.4851611,1.1270966999999998,1006.371,5.907706949552847,1006.3765341961777,0,0
7.52,9.737463,-1.5661927,0.8288296,1006.3534,5.8976540164050535,1006.3763728843213,0,0
7.539999999999999,9.65621,-1.6948898,1.051347,1006.4138,5.888033396898768,1006.3763650867813,0,0
7.56,9.603638,-1.7663883000000002,0.8951121,1006.35815,5.878716405154292,1006.3762926225627,0,0
7.579999999999999,9.531945,-1.8474197,0.8951126,1006.3506,5.869586556420589,1006.3761360997383,0,0
7.6,9.474593,-1.8760195,0.9613948,1006.3806,5.860563010007486,1006.3760138662112,0,0
7.619999999999999,9.613213,-1.7663886999999998,0.5779084,1006.3856,5.8518424442869215,1006.3759403707485,0,0
7.64,9.450704,-1.9808838,1.0655525,1006.3604,5.8432619136661375,1006.3758194848227,0,0
7.659999999999997,9.536746,-1.7330232,0.5400341,1006.378,5.834822034488777,1006.3757205198737,0,0
7.68,9.512851,-1.7139567999999998,0.6489258000000001,1006.37054,5.826494871112617,1006.3756144245727,0,0
7.699999999999997,9.551095,-1.6519918000000002,0.7862239999999999,1006.35254,5.8183741083127725,1006.3754376108368,0,0
7.72,9.646696,-1.5995598999999998,0.79569334,1006.3829,5.810643679170148,1006.3753082428204,0,0
7.739999999999997,9.570225,-1.6805915,0.89985067,1006.3703,5.803176883973457,1006.3751759035672,0,0
7.76,9.575008,-1.6138598999999998,0.73888135,1006.40045,5.795928119861353,1006.37514995535,0,0
7.7799999999999985,9.5128765,-1.6281596,0.8667108,1006.3424,5.788798144385429,1006.375009127666,0,0
7.8,9.632377,-1.5137622,0.66313183,1006.3826,5.781971476599533,1006.374912019465,0,0
7.8199999999999985,9.6754,-1.5232955,0.6441946999999999,1006.3902,5.775525971213957,1006.3748812513884,0,0
7.84,9.651505,-1.6996582999999998,0.7862272,1006.3725,5.769473233827174,1006.3748454922107,0,0
7.8599999999999985,9.598933,-1.6615259999999998,0.719946,1006.36487,5.7636578362551605,1006.3747779836297,0,0
7.88,9.627616,-1.5900277,0.6868055999999999,1006.39764,5.758102044470122,1006.3748006363063,0,0
7.899999999999999,9.627622,-1.6138606000000002,0.58264923,1006.39233,5.752789717800122,1006.3748837579207,0,0
7.92,9.661084,-1.6233938,0.74361944,1006.395,5.747805978685022,1006.3750296226506,0,0
7.939999999999999,9.665871,-1.6424602,0.67733824,1006.37195,5.743136930450937,1006.3751474220843,0,0
7.96,9.570279,-1.6519933999999998,0.8903869000000001,1006.3693,5.7386063481823575,1006.3752304589444,0,0
7.979999999999999,9.603743,-1.528063,0.8241056999999999,1006.3742,5.7342286873818775,1006.3753001206619,0,0
8.0,9.685578,-1.4804118,0.6773923000000001,1006.3842,5.730130865679772,1006.3753937133213,0,0
8.02,9.594794,-1.6281757,0.9851313,1006.3566,5.726212425754797,1006.3754087544268,0,0
8.04,9.723876,-1.5995771,0.90938336,1006.3765,5.722705077578138,1006.3754259732317,0,0
8.059999999999999,9.590068,-1.6234105,0.8904482,1006.4069,5.719304944467952,1006.3755544942642,0,0
8.08,9.6187725,-1.4947141000000002,0.86677855,1006.3662,5.7160233277740575,1006.3756343792693,0,0
8.1,9.671377,-1.4661155,0.72474897,1006.38666,5.712932974876332,1006.375744657894,0,0
8.12,9.618829,-1.5519142,0.91886204,1006.3841,5.709976536062998,1006.3758721793187,0,0
8.139999999999999,9.728792,-1.61388,0.8147076999999999,1006.3737,5.707375388885668,1006.375977037404,0,0
8.16,9.733597,-1.6043477,0.97567993,1006.3734,5.705134375788827,1006.3760604126734,0,0
8.18,9.67149,-1.3946198,0.7010871,1006.3762,5.702977672145987,1006.376134585576,0,0
8.2,9.556801,-1.4375196,0.70108956,1006.4039,5.70068096835938,1006.3763000802444,0,0
8.219999999999999,9.499471,-1.4041543,0.83838975,1006.381,5.698163884806447,1006.3764632310446,0,0
8.24,9.70981,-1.5137857,0.8194546999999999,1006.3785,5.695922539962883,1006.37661472346,0,0
8.26,9.700279,-1.5995845,0.94255185,1006.40356,5.693964395332973,1006.3768455851532,0,0
8.28,9.724205,-1.4661216,0.86206955,1006.36584,5.692254100449697,1006.3770099544397,0,0
8.299999999999999,9.719452,-1.3803242,0.58274204,1006.37067,5.690690890537037,1006.3771323673047,0,0
8.32,9.638223,-1.432757,0.84787124,1006.38324,5.689152477900658,1006.37726251879,0,0
8.34,9.695609,-1.4232246000000002,0.9188899,1006.4008,5.687769434863094,1006.3774622555748,0,0
8.36,9.81991,-1.3993924999999998,0.92362666,1006.37756,5.686777096121237,1006.3776390948776,0,0
8.379999999999999,9.843836,-1.4375255,0.8431443000000001,1006.3477,5.686179037417335,1006.3776875693443,0,0
8.4,9.781727,-1.385094,0.563817,1006.37787,5.685747510655812,1006.3777310581332,0,0
8.42,9.576221,-1.5137919,0.8147428000000001,1006.365,5.6851195037615945,1006.377723653018,0,0
8.44,9.657507,-1.5233257,0.78160477,1006.4005,5.6844839242485845,1006.3777991047072,0,0
8.459999999999999,9.662315,-1.5900581,0.8431545,1006.38776,5.683886349665621,1006.3779016330427,0,0
8.48,9.657559,-1.6567904999999998,0.99465775,1006.38464,5.683367098042807,1006.3780164852012,0,0
8.5,9.657588,-1.7139898999999998,0.86209697,1006.4101,5.6829133534485985,1006.3782334692218,0,0
8.52,9.595481,-1.6377257,0.8242244000000001,1006.4027,5.682358569297284,1006.3785132758127,0,0
8.54,9.686324,-1.609127,0.6395852,1006.4073,5.6818636769685815,1006.378864145124,0,0
8.559999999999999,9.652892,-1.628194,0.59697795,1006.39734,5.681356045478556,1006.3792406863248,0,0
8.58,9.595561,-1.6329612,0.6064491999999999,1006.38715,5.680724584962679,1006.3796018716592,0,0
8.6,9.662507000000002,-1.6472615000000002,0.7342808000000001,1006.3997,5.6801459973565365,1006.3799933682826,0,0
8.62,9.667314,-1.6138964,0.8005649,1006.3742,5.679625285334327,1006.3803184385733,0,0
8.639999999999999,9.63866,-1.656796,0.9331306,1006.4045,5.679138232484486,1006.380692724303,0,0
8.66,9.557432,-1.6329638000000002,0.8621171000000001,1006.3767,5.678495094853072,1006.3810090693663,0,0
8.68,9.55268,-1.5519329,0.8810572,1006.3996,5.677682605234058,1006.3813555192148,0,0
8.7,9.638742,-1.6329651,0.8195123,1006.41705,5.676915520456713,1006.3817901424317,0,0
8.719999999999999,9.557516,-1.6901644,0.84318715,1006.39124,5.6760499599068295,1006.3822081949933,0,0
8.74,9.672258,-1.6472663,0.8195176,1006.37866,5.675315259313551,1006.3825648127347,0,0
8.76,9.600589,-1.7425982,0.75323856,1006.39417,5.674575773994419,1006.3829216988452,0,0
8.78,9.638853,-1.6711004,0.73430324,1006.3661,5.673883929365678,1006.3831764852963,0,0
8.799999999999997,9.591083,-1.671101,0.69169605,1006.37354,5.673132656740672,1006.3833669232581,0,0
8.82,9.514635,-1.7711993,0.95209104,1006.3738,5.6722581899185185,1006.3835007533168,0,0
8.84,9.610256,-1.7807331000000002,0.96156204,1006.36346,5.6714780092993875,1006.3835468588452,0,0
8.86,9.600725,-1.7950336,0.8337359000000001,1006.38354,5.670745665153578,1006.3835875729976,0,0
8.879999999999997,9.543387,-1.8188667,0.9284257,1006.3782,5.669968477070153,1006.3836041527603,0,0
8.9,9.615121,-1.7283031000000002,0.8763506,1006.37067,5.669256335196662,1006.3835722396884,0,0
8.92,9.557789,-1.780736,0.71064883,1006.38043,5.668479013828717,1006.3835327292356,0,0
8.94,9.581717,-1.8665347,0.8432146999999999,1006.3606,5.667750775722211,1006.3834152599741,0,0
8.959999999999997,9.658218,-1.80457,0.6159657,1006.398,5.667165114911269,1006.3833639691983,0,0
8.98,9.6439085,-1.7950376,0.8526886999999999,1006.38293,5.6667114648140045,1006.3833170863803,0,0
9.0,9.624304,-1.8236248,0.7626904999999999,1006.3528,5.666331750558848,1006.3831657992108,0,0
9.02,9.624311,-1.856991,0.7484879,1006.3803,5.666029463929112,1006.3830218049914,0,0
9.04,9.59086,-1.8236253,0.8289735,1006.3829,5.665729057112558,1006.3828941332004,0,0
9.06,9.6816845,-1.7711935,0.81477094,1006.388,5.665593938484914,1006.3827997035266,0,0
9.08,9.595656,-1.723528,0.90945977,1006.3854,5.665429745787402,1006.3827256265342,0,0
9.1,9.605222,-1.7568941000000002,0.8905228000000001,1006.4056,5.665268636890764,1006.3827425198482,0,0
9.12,9.543093,-1.7950268,0.79583544,1006.3575,5.664981764560348,1006.3826665737088,0,0
9.14,9.667374,-1.914191,0.8763209000000001,1006.37463,5.664898532310122,1006.3825705360347,0,0
9.16,9.6865,-1.7902607,0.80057114,1006.37714,5.664972840199085,1006.3824661272164,0,0
9.18,9.605251,-1.6996961,0.88579106,1006.38257,5.665002316784656,1006.3823742455264,0,0
9.2,9.509663,-1.8474596,0.8100413000000001,1006.4027,5.664839620733512,1006.3823662315813,0,0
9.22,9.437973,-1.9237247,0.9426053,1006.38226,5.664417878743478,1006.3823587680257,0,0
9.24,9.557476,-1.8855927,0.9710124,1006.37964,5.66400141065437,1006.3823423856627,0,0
9.26,9.495346,-1.9856901,0.9994195,1006.3869,5.663512367808987,1006.3823443176187,0,0
9.28,9.495354,-1.852227,0.961545,1006.37683,5.662898378755362,1006.3823261731516,0,0
9.3,9.562279,-1.8188612,0.7295599,1006.3945,5.662257342323808,1006.3823539664772,0,0
9.32,9.481029,-1.8712935,0.71062285,1006.3769,5.661447140278777,1006.3823588903804,0,0
9.34,9.619652,-1.8760602,0.8242493000000001,1006.3464,5.660792700144633,1006.3822337891356,0,0
9.36,9.519283,-1.8426945,0.5449202,1006.38403,5.660020126383108,1006.3821297160347,0,0
9.38,9.581427,-2.0047576,0.90000117,1006.36646,5.659393091224628,1006.3819813460657,0,0
9.4,9.638793,-1.9094267,0.8715955,1006.3762,5.658968581028912,1006.3818294335146,0,0
9.42,9.509746,-1.9761586,0.78637683,1006.36365,5.658475141644392,1006.3816297576241,0,0
9.44,9.557551,-1.9952252,0.90947205,1006.3916,5.65804972047486,1006.3814892168796,0,0
9.46,9.547999,-1.9761591,0.86686313,1006.3812,5.657650513734892,1006.3813639938968,0,0
9.48,9.514547,-1.9141936,0.99469274,1006.35834,5.657207764004173,1006.3811704604916,0,0
9.5,9.563538,-1.9285228,0.8669728000000001,1006.376,5.656808074650477,1006.3809808407167,0,0
9.52,9.534913,-2.0524547,0.8243681,1006.3859,5.656434564489657,1006.3808310016573,0,0
9.54,9.5588665,-2.028623,0.9474676,1006.38855,5.656146829442582,1006.3807263922583,0,0
9.56,9.549362,-2.1048894,0.86698776,1006.38074,5.655934609228108,1006.3806340083812,0,0
9.58,9.58765,-2.038159,0.88119566,1006.3503,5.655840742947905,1006.3804431755568,0,0
9.6,9.582926,-2.0286272000000003,0.7770437,1006.3604,5.655819873112117,1006.3802024002417,0,0
9.62,9.611659,-1.9714298,0.82439274,1006.3983,5.6559056865157595,1006.3800548025323,0,0
9.64,9.822025,-1.8236678,0.51192707,1006.40576,5.6564110958072495,1006.3800169239073,0,0
9.66,9.769502,-1.8475018,0.6492298000000001,1006.3731,5.65720402969938,1006.3799585534281,0,0
9.68,9.70264,-1.6330083999999998,0.5876875,1006.38525,5.658025369300938,1006.3799260264799,0,0
9.7,9.626214,-1.389915,0.76759964,1006.3472,5.658660268224579,1006.3797794719736,0,0
9.72,9.583249,-1.4232825,0.9285744,1006.37744,5.659079252683807,1006.3796415543125,0,0
9.74,9.272616,-1.9190056,1.2031747,1006.36487,5.658916192203088,1006.3794665126717,0,0
9.76,9.621597,-1.9333067,1.0469444,1006.3849,5.658913580683434,1006.3793314064322,0,0
9.78,9.812843,-1.98574,0.7912916,1006.3673,5.659413099935308,1006.3791687134959,0,0
9.8,9.67428,-1.7521801,0.6445297,1006.3698,5.659959203850644,1006.3789912306488,0,0
9.82,9.693454,-1.4280556,0.4456897,1006.39746,5.660451875005782,1006.3789008943747,0,0
9.84,9.277666,-1.9428451,1.1937306,1006.3548,5.6603667328427685,1006.3787343100232,0,0
9.86,9.115204,-2.1764076,0.72502923,1006.36194,5.659450537896182,1006.378526656574,0,0
9.88,9.268211,-1.9142482,0.94755125,1006.3618,5.658035515819867,1006.3782829580227,0,0
9.9,9.363863,-2.0906122,1.1606045,1006.34424,5.656503241360786,1006.3779450713341,0,0
9.92,9.822779,-1.5519927,1.1984847,1006.3544,5.655604999081428,1006.377561752399,0,0
9.94,9.722453,-1.8951862,1.0469884,1006.37177,5.655153900051088,1006.3772022014792,0,0
9.96,9.416601,-1.9666855,1.4257457,1006.34686,5.654609504865506,1006.3767752703616,0,0
9.98,9.4453335,-1.9142549,1.136952,1006.35895,5.653941668893949,1006.3763338630524,0,0
10.0,9.468291,-1.8427334,1.2078818999999998,1006.3519,5.653202668813077,1006.3758558736473,0,0
10.02,9.210198,-1.8570337,1.6197766000000002,1006.36646,5.652014515351974,1006.3753996970636,0,0
10.04,9.377504,-1.8903997,1.6339811000000002,1006.3766,5.650788238490452,1006.3750009405246,0,0
10.06,9.798142,-1.7998357,2.1973767000000004,1006.3639,5.650565369507531,1006.374608635861,0,0
10.08,10.319158,-1.3088806,1.6955311999999998,1006.3863,5.651931553352913,1006.3743040843711,0,0
10.1,9.922448,-1.4709438,1.6955324,1006.3663,5.6539363060067656,1006.3740061679712,0,0
10.12,9.085998,-2.162095,1.8091596,1006.3537,5.655126578899691,1006.3736698268352,0,0
10.14,9.267645,-2.0858305,1.3215173,1006.37885,5.655754265611527,1006.3733912844307,0,0
10.16,9.559228,-1.5424434,2.121633,1006.3534,5.6565510907303285,1006.3730731957384,0,0
10.18,9.673959,-1.3803807,2.3488860000000003,1006.3734,5.657780703525876,1006.3727933090653,0,0
10.2,9.812588,-1.4375798999999998,1.8612436,1006.391,5.659471843613467,1006.3726115452879,0,0
10.22,9.597512,-1.9333019,2.1358404,1006.37836,5.6614193879517805,1006.3724716332516,0,0
10.24,9.282059,-2.195463,1.9369967,1006.3554,5.6629885053809295,1006.3722865490964,0,0
10.26,9.463706,-1.9285364,1.9559357,1006.3657,5.664469937778746,1006.37209929716,0,0
10.28,9.678812,-1.6949754,1.9085929,1006.35284,5.6661917117730285,1006.3718645078792,0,0
10.3,9.697947,-1.766474,2.102705,1006.36566,5.668264180406723,1006.3716347118428,0,0
10.32,9.435072,-1.9809697,1.6197971000000002,1006.36285,5.6700085260572575,1006.371400039102,0,0
10.34,9.210437,-2.033402,1.941738,1006.37317,5.671153412833212,1006.3711990541276,0,0
10.36,9.721891,-1.5662798,1.2410475,1006.3626,5.6723779186987375,1006.3709905072093,0,0
10.38,9.855741,-1.6187122,1.4114875,1006.3804,5.674004827929196,1006.3708401093263,0,0
10.4,9.731482000000002,-1.8904064,1.6813499,1006.3551,5.675914799285435,1006.3706505533631,0,0
10.42,9.516403,-2.0286367,1.3357396,1006.38776,5.677582722056136,1006.3705446557224,0,0
10.44,9.114917,-2.4909932999999995,1.2315842,1006.3979,5.678423042774647,1006.370549563806,0,0
10.46,9.004995,-2.7245548,1.2315855,1006.38544,5.678444518400984,1006.3706075061592,0,0
10.48,9.693302,-2.2669659,0.88597536,1006.3776,5.678793664915126,1006.3706838770004,0,0
10.5,9.975676,-1.5519913,1.378387,1006.3749,5.679836668224633,1006.3707665363182,0,0
10.52,9.841872,-1.304131,1.4730778,1006.365,5.681171516747843,1006.3708188145607,0,0
10.54,9.8227825,-1.194501,1.2363603,1006.3901,5.682625360502176,1006.3709344198836,0,0
10.56,9.6125,-1.4471292,0.8860171,1006.3545,5.683740622027212,1006.3709774048352,0,0
10.58,9.3878765,-1.9571514,1.3641944,1006.36176,5.684397120693277,1006.3709822036807,0,0
10.6,9.607776,-2.0381835,1.5961826,1006.3592,5.685194984298744,1006.3709440280078,0,0
10.62,9.622146,-2.138282,1.2931837,1006.34937,5.686095964592618,1006.3708326294824,0,0
10.64,9.411861,-2.4814746,1.2979206,1006.3363,5.68683187561316,1006.3706098802788,0,0
10.66,9.335415,-2.5529740000000003,0.79607654,1006.36664,5.687193237971165,1006.3703987675136,0,0
10.68,9.488395,-2.505309,0.5309522,1006.36145,5.687465602019375,1006.3701800127112,0,0
10.7,9.63182,-1.952389,0.30370364,1006.374,5.687667638479116,1006.3700004729224,0,0
10.72,9.569712,-1.5996646,0.19008057,1006.3566,5.6875406709886445,1006.3697935898622,0,0
10.74,9.297293,-1.7283624,0.3321154000000001,1006.37146,5.686620585006343,1006.3696167870668,0,0
10.76,9.101348,-2.019123,1.0612161,1006.382,5.684837617046875,1006.3695051436833,0,0
10.78,9.173074,-2.1049216,1.6577538,1006.36896,5.682659304665765,1006.3694045330724,0,0
10.8,9.125302,-2.0334241000000004,1.5299274,1006.3639,5.679967211346253,1006.3692958172172,0,0
10.82,9.268725,-2.042958,1.8281976,1006.38885,5.6772303211359105,1006.369270150946,0,0
10.84,9.402591,-1.866596,1.3310877,1006.3865,5.674489429353232,1006.3693094996852,0,0
10.86,9.78978,-1.43284,1.0233538,1006.38104,5.672313581141869,1006.3693864980322,0,0
10.88,9.74201,-1.2612447,1.2458735,1006.3835,5.670551603131702,1006.3695053423787,0,0
10.9,10.181784,-1.0801164,1.2837516000000002,1006.36066,5.670028536893841,1006.3695785100107,0,0
10.92,10.081436,-1.4614416,0.99495566,1006.391,5.670427897386893,1006.3697202782944,0,0
10.94,9.632162,-1.6521045,0.8623948,1006.401,5.6707585885248655,1006.369958151748,0,0
10.96,9.3501835,-1.6187392,1.0233671999999998,1006.3935,5.670473496734204,1006.3702530873852,0,0
10.98,9.326314,-1.5520082,1.4257942,1006.41833,5.669681031895792,1006.3706867694,0,0
11.0,9.575435,-1.5138899,1.5962851,1006.4033,5.668990659483953,1006.371187378458,0,0
11.02,9.804916,-1.256497,1.5063361000000002,1006.3857,5.6687552488238735,1006.3716819620594,0,0
11.04,9.728491,-1.347063,1.7667328999999998,1006.4007,5.668880581020487,1006.372223441066,0,0
11.06,9.776339,-1.2421999,1.6389086,1006.3826,5.669347781455116,1006.3727392475287,0,0
11.08,9.671234,-1.4662292,1.3453802,1006.39777,5.6698733310845855,1006.3732851248276,0,0
11.1,9.633046,-1.5186626,1.0660549,1006.39777,5.6703161068482935,1006.3738556075598,0,0
11.12,9.647433,-1.6759601999999998,0.92402726,1006.39026,5.6707367575272,1006.3744187419148,0,0
11.14,9.49453,-1.9953206,1.0376576,1006.4279,5.670973877792026,1006.3751088599596,0,0
11.16,9.42288,-2.109719,1.1607565,1006.40784,5.670982346759164,1006.3758364803683,0,0
11.18,9.332118,-2.1430864,1.0897453,1006.4125,5.670604100652808,1006.3766113944324,0,0
11.2,9.399083,-1.9476588,1.1560313,1006.4052,5.669950517703272,1006.3773990274792,0,0
11.22,9.542528,-1.7998968000000002,1.2649273,1006.4102,5.669315203899478,1006.3782130635408,0,0
11.24,9.652511,-1.7236330000000002,1.4543078,1006.3975,5.6689469699628425,1006.3790017787757,0,0
11.26,9.671684,-1.6187701,1.4211718999999998,1006.40765,5.668808160255258,1006.3798018211536,0,0
11.28,9.762548,-1.3899765,1.2602065,1006.42755,5.668940199103634,1006.3806806320426,0,0
11.3,9.690901,-1.5854065,1.340696,1006.4174,5.669247956236802,1006.3815893390688,0,0
11.32,9.647934,-1.6712058999999997,1.3691071,1006.3947,5.669660051803608,1006.3824394709767,0,0
11.34,9.643206,-1.618775,1.1229227,1006.39484,5.670070444555027,1006.3832352894348,0,0
11.36,9.523758,-1.7951387,1.2081463,1006.4324,5.670320058845412,1006.3841154675824,0,0
11.38,9.595506,-1.9381366,1.2554951,1006.4245,5.670640767550715,1006.3850385773103,0,0
11.4,9.571653,-1.8237404,1.2839059,1006.3893,5.670937101500792,1006.3858695781876,0,0
11.42,9.543029,-1.6187798999999998,1.3312548,1006.417,5.671091109815722,1006.3867159200812,0,0
11.44,9.581319,-1.5186833999999998,1.1513520000000002,1006.4145,5.671115783186033,1006.3875637704663,0,0
11.46,9.49055,-1.6521482,1.3549359,1006.4142,5.67094104974914,1006.3884088214928,0,0
11.48,9.581416,-1.6473827,1.3028620000000002,1006.42676,5.670758718533097,1006.3892935728225,0,0
11.5,9.575371,-1.6330521,1.1465108,1006.4014,5.670512424486918,1006.3901189222353,0,0
11.52,9.484553,-1.7569826000000002,1.3453556999999998,1006.4014,5.670123682679397,1006.390888812856,0,0
11.54,9.494112,-1.666418,1.1228385,1006.39404,5.669538015178618,1006.3915804324826,0,0
11.56,9.48455,-1.7236167000000002,1.2838082,1006.4112,5.668823224177929,1006.3922621780276,0,0
11.58,9.522789,-1.5377208,1.1891199,1006.4063,5.667984769229907,1006.3929151045503,0,0
11.6,9.556246,-1.5949196,1.1559792,1006.4342,5.667119011971985,1006.3936406560492,0,0
11.62,9.627942,-1.642585,1.1133693,1006.4189,5.666384310687968,1006.394372686992,0,0
11.64,9.63272,-1.7617488999999995,1.0470876,1006.3986,5.665805498004098,1006.3950347278598,0,0
11.66,9.561022,-1.8189476,1.0234154,1006.4413,5.6652373282934105,1006.3957862621504,0,0
11.68,9.537122,-1.7855816999999998,1.0044776,1006.4412,5.664615181191838,1006.3966138073056,0,0
11.7,9.522781,-1.7093168,1.1370409,1006.41315,5.663920288816756,1006.3974045564986,0,0
11.72,9.647055,-1.6139855,1.1228374,1006.3955,5.663379393825473,1006.398096406082,0,0
11.74,9.618374,-1.7140832,1.1512438,1006.41064,5.662960169420347,1006.3987528813119,0,0
11.76,9.647052,-1.7522156999999998,1.2080566,1006.42065,5.662736268512707,1006.3994117724527,0,0
11.78,9.795225,-1.6997836,0.9855395,1006.4181,5.662917120419397,1006.4000612462836,0,0
11.8,9.790444,-1.6378182,1.0470866,1006.4056,5.663436712030553,1006.400655060874,0,0
11.82,9.785663,-1.6330516000000002,1.0660241,1006.4256,5.664246540915854,1006.4012695572274,0,0
11.84,9.728304,-1.6139853000000002,1.0944303999999998,1006.4332,5.6651929456252645,1006.4019274757986,0,0
11.86,9.661386,-1.6139853000000002,1.1038991000000002,1006.41565,5.666122460925621,1006.4025582137357,0,0
11.88,9.532329,-1.799881,1.0896958,1006.3852,5.6668352138145615,1006.4030530442067,0,0
11.9,9.451071,-1.8904455,1.2269934,1006.40784,5.667258870310402,1006.4035075094523,0,0
11.92,9.417612,-1.8713794,1.2127901,1006.40283,5.6673464965781415,1006.4039066359093,0,0
11.94,9.494086,-1.7665151,1.1559771,1006.39996,5.667236528552058,1006.4042450961572,0,0
11.96,9.470187,-1.9190447,1.307478,1006.4301,5.6670038143719825,1006.4046372372862,0,0
11.98,9.527543,-1.7855811999999998,1.274337,1006.4301,5.6667177239318685,1006.4050753991336,0,0
12.0,9.576622,-1.7617797999999998,1.2034382,1006.41754,5.6664573891018,1006.4055074315048,0,0
12.02,9.581451,-1.6044846,1.1276921999999998,1006.41205,5.666155656970169,1006.4059127285547,0,0
12.04,9.724895,-1.614019,1.2649945,1006.41675,5.666148200466223,1006.4063098632056,0,0
12.06,9.528973,-1.9000137,1.4070312,1006.4019,5.666149595550317,1006.4066448958753,0,0
12.08,9.347373,-1.7951503,1.3360181999999998,1006.41205,5.6657298128719065,1006.4069603891169,0,0
12.1,9.328317,-2.000114,1.3928366,1006.41223,5.665001685092316,1006.4072581295444,0,0
12.12,9.428741,-2.472004,1.5443421999999998,1006.4019,5.664476614768453,1006.4075019237199,0,0
12.14,9.414452,-2.6007025,1.1466568,1006.4243,5.664060430604701,1006.4077778133279,0,0
12.16,9.591351,-2.2813442000000004,0.9904257,1006.39435,5.663896620307393,1006.4079732492577,0,0
12.18,9.863846,-1.9524529,0.9052106,1006.43695,5.6643457569948765,1006.4082502527476,0,0
12.2,10.021632,-1.6616942,0.88627774,1006.414,5.665545139370898,1006.4085157121216,0,0
12.22,9.715772,-1.9905877,0.91468847,1006.4018,5.6669097671147455,1006.4087260954608,0,0
12.24,9.26652,-2.5244431,1.184554,1006.3911,5.667827948663883,1006.4088485362356,0,0
12.26,8.970218,-2.7866051,1.2887151,1006.42914,5.667941115669267,1006.4090297741741,0,0
12.28,8.73606,-2.8771708,1.440221,1006.414,5.6669864346881775,1006.409207808829,0,0
12.3,9.075475,-2.4005165,1.9041971,1006.414,5.665650811560233,1006.4093823721388,0,0
12.32,9.682553,-1.7427328000000002,1.4781046999999998,1006.40906,5.66475199500883,1006.4095354557393,0,0
12.34,10.074547,-1.4281412,1.6154069,1006.4088,5.664978453015772,1006.409668072768,0,0
12.36,10.203651,-1.2470132,1.3313471,1006.39825,5.66632875869858,1006.4097441481127,0,0
12.38,9.873891,-1.7379696,1.3408202,1006.40356,5.668146618340264,1006.409789105354,0,0
12.4,9.596715,-2.0859296,1.0899016,1006.40356,5.669885009823044,1006.4098064047932,0,0
12.42,9.496385,-2.1621957000000003,1.2035316,1006.40576,5.671406456393082,1006.4098071235204,0,0
12.44,9.386502,-2.247995,1.4071157,1006.4211,5.672606983433815,1006.4098484129432,0,0
12.46,9.491708,-2.2622957,1.298229,1006.40607,5.673705863277985,1006.4098712939904,0,0
12.48,9.3626995,-2.3671613,1.260358,1006.3856,5.674494048027936,1006.4098041350252,0,0
12.5,9.28037,-2.4243336,1.1513685,1006.4059,5.674841609784403,1006.4097307384778,0,0
12.52,9.328173,-2.4291002999999995,0.93832076,1006.411,5.674848810984759,1006.4096704546298,0,0
12.54,9.409433,-2.295637,0.82942986,1006.4031,5.6746301691525876,1006.4095935341852,0,0
12.56,9.466796,-2.1860060000000003,1.0661505,1006.43604,5.674323659238079,1006.4096207745572,0,0
12.58,9.390325,-2.0763755,0.95725965,1006.4181,5.673712905434545,1006.4096753693613,0,0
12.6,9.395109,-2.1478739,1.2555276000000002,1006.4131,5.6729483133217276,1006.4097359380006,0,0
12.62,9.409454,-2.090675,1.3218098,1006.4131,5.67207171819118,1006.4098015670737,0,0
12.64,9.457257,-1.9143128,1.3975607,1006.4055,5.671142159852265,1006.4098440712809,0,0
12.66,9.562418,-1.7570165,1.4022955,1006.40027,5.670321629165673,1006.4098471613415,0,0
12.68,9.61978,-1.7141178,1.4164993,1006.3977,5.669705012152632,1006.4098061619388,0,0
12.7,9.643684,-1.6378529,1.3454837,1006.42535,5.669271707966793,1006.4098258926832,0,0
12.72,9.672369,-1.6092538,1.2981399,1006.4028,5.669037278663447,1006.4098180335556,0,0
12.74,9.629355,-1.585421,1.2649996,1006.42535,5.668874995831889,1006.4098670043097,0,0
12.76,9.615021,-1.6902853999999998,1.4070323,1006.4202,5.668824215473957,1006.409947473652,0,0
12.78,9.600686,-1.7522508,1.364423,1006.4123,5.66885314326817,1006.4100270454584,0,0
12.8,9.5576725,-1.9095473000000005,1.4591116000000002,1006.4149,5.668954429858779,1006.4101148977423,0,0
12.82,9.696292,-1.9858124,1.3549552,1006.3847,5.669399238385074,1006.4101010303888,0,0
12.84,9.677177,-1.8857148,1.113501,1006.4048,5.670004659255282,1006.4100696934855,0,0
12.86,9.643724,-1.9190807,0.8389059999999999,1006.4275,5.670638963874893,1006.4101047533014,0,0
12.88,9.591152,-1.8714154,0.8862504999999999,1006.3922,5.671179257733304,1006.4100712750427,0,0
12.9,9.543358,-1.8094503,0.909923,1006.41205,5.671517691254783,1006.4100488170634,0,0
12.92,9.581602,-1.7856175,1.070893,1006.4325,5.671779034416168,1006.4101097974514,0,0
12.94,9.567267,-1.7474854,1.4401771,1006.3969,5.672026155343829,1006.4101161244513,0,0
12.96,9.572052,-1.6187884,1.3123486999999998,1006.3919,5.672186382983242,1006.4100561369403,0,0
12.98,9.452562,-1.5186908,1.4212403999999998,1006.4045,5.67202489369763,1006.4099831298828,0,0
13.0,9.530104,-1.6331142,1.3929315,1006.4119,5.671767061338997,1006.409925521579,0,0
13.02,9.496692,-1.7904117,1.3503261,1006.3891,5.67140224040955,1006.409799647004,0,0
13.04,9.563656,-1.9191101,1.3834713,1006.4092,5.671139685146726,1006.4096862655008,0,0
13.06,9.5684805,-1.9095778,1.0899422,1006.3788,5.670897617254091,1006.4094748910484,0,0
13.08,9.42035,-1.8666799,1.146759,1006.3766,5.670370827612093,1006.4091697709745,0,0
13.1,9.444293,-1.9763119,1.1088878999999998,1006.42676,5.66967880116515,1006.4089634917018,0,0
13.12,9.4252205,-1.9429471,1.0804857,1006.38873,5.668784021877282,1006.4087083827662,0,0
13.14,9.468291,-1.9858475,1.4071645000000002,1006.3936,5.667905025911829,1006.4084285783329,0,0
13.16,9.5400305,-1.8905175,1.3077457,1006.39105,5.667119979957234,1006.4081187802536,0,0
13.18,9.635673,-1.852386,1.388235,1006.3913,5.666621875643398,1006.4077844950616,0,0
13.2,9.707415,-1.7713555,1.2509412,1006.4011,5.666455699863484,1006.4074650564836,0,0
13.22,9.573628,-1.8666878,1.066304,1006.39856,5.666303542291797,1006.4071507423532,0,0
13.24,9.588015,-1.9334209,1.0426363,1006.4136,5.6662150266125675,1006.4068962317148,0,0
13.26,9.545041,-2.147917,1.1515316,1006.3759,5.666213905436435,1006.4065597596808,0,0
13.28,9.564201,-2.1574512,1.1136601000000002,1006.4086,5.666323886702732,1006.4062697978565,0,0
13.3,9.554695,-1.9858565,1.089993,1006.38324,5.666431888091355,1006.405930680316,0,0
13.32,9.52606,-1.9143591,1.1326066,1006.36804,5.666460291454346,1006.4054946296083,0,0
13.34,9.506988,-2.0001585,1.3645968000000002,1006.3904,5.6664768378944155,1006.4050549945364,0,0
13.36,9.559609,-1.9000616,1.3267255,1006.3854,5.66653690471704,1006.4045957750066,0,0
13.38,9.650475,-1.9763277,1.32673,1006.35474,5.666849737454593,1006.40401052784,0,0
13.4,9.559703,-1.9286633,1.2841245,1006.38275,5.667170268909308,1006.4034168655434,0,0
13.42,9.617111,-1.9048316000000003,1.1847066000000002,1006.38275,5.667577017591226,1006.402817904822,0,0
13.44,9.49288,-1.9667981,1.2083826000000002,1006.3702,5.66783868106125,1006.4021712386714,0,0
13.46,9.430789,-2.0287645,1.1847148,1006.38495,5.667866257046272,1006.4015378480012,0,0
13.48,9.426056,-2.0001664,1.2604696000000002,1006.3724,5.66768483722498,1006.4008732877523,0,0
13.5,9.4925375,-1.985856,1.3314457,1006.38495,5.667466936305343,1006.4002287584807,0,0
13.52,9.5355835,-1.9429576,1.374058,1006.40015,5.6672987264172985,1006.3996589688857,0,0
13.54,9.545171,-1.8428605,1.250966,1006.38257,5.6671200614062585,1006.3990939825114,0,0
13.56,9.583437,-1.890527,1.1988901,1006.38257,5.6670155836468386,1006.3985352742143,0,0
13.58,9.612142,-1.9095938,1.2367676,1006.3851,5.667052473215178,1006.3979932325757,0,0
13.6,9.655189,-1.8190297,1.0947381,1006.38763,5.667231029621916,1006.3974769769465,0,0
13.62,9.573959,-1.83333,1.156288,1006.3847,5.667389465776478,1006.3969748163553,0,0
13.64,9.559648,-1.9000626,1.279385,1006.37976,5.6675586613741125,1006.3964691339183,0,0
13.66,9.516658,-1.90483,1.2415123,1006.382,5.66764166014197,1006.3959702240347,0,0
13.68,9.449758,-2.0144610000000003,1.3551396,1006.36945,5.667590321505103,1006.3954339144552,0,0
13.7,9.631426,-1.9524965,1.3125333,1006.35974,5.6677487489286875,1006.3948315332187,0,0
13.72,9.6314535,-1.9286647,1.1894412,1006.3945,5.668049991745836,1006.3942980756384,0,0
13.74,9.545444,-1.9953971,1.1657717,1006.3692,5.668324188253613,1006.3937363594484,0,0
13.76,9.564592,-1.9191327,1.0521486,1006.39484,5.6685539538548815,1006.3932440001288,0,0
13.78,9.478583,-1.9524994,1.2888714,1006.3896,5.6686422811769495,1006.3927958330333,0,0
13.8,9.454711,-2.0001657,1.3267491000000002,1006.3918,5.668587798581027,1006.392396247589,0,0
13.82,9.526436,-1.8810024,1.1515787,1006.39935,5.668456783536787,1006.392068207399,0,0
13.84,9.445207,-2.0621324,1.2936132,1006.39685,5.668207588922584,1006.3917955655403,0,0
13.86,9.488251,-1.919136,1.1279114,1006.37646,5.667838284129728,1006.3914994511584,0,0
13.88,9.646014,-2.0573668,1.0853045,1006.37146,5.667731301002022,1006.3911656624664,0,0
13.9,9.536106,-1.9525037,1.1563232,1006.3842,5.667606804171357,1006.3908456503932,0,0
13.92,9.512233,-1.9096053,1.1563255,1006.3815,5.667401398748576,1006.3905292433836,0,0
13.94,9.574399,-1.842874,1.1421249,1006.3866,5.667221113007816,1006.3902355208736,0,0
13.96,9.560085,-1.9429724,1.1657993999999998,1006.4092,5.667080571806292,1006.3900442597893,0,0
13.98,9.598351,-1.9429731,1.2368178,1006.39124,5.667071025982509,1006.3898795661594,0,0
14.0,9.578202,-1.9429476000000003,1.1799109,1006.3986,5.667122017667452,1006.38976543643,0,0
14.02,9.516051,-1.9000483,1.2461913,1006.4013,5.667100220140438,1006.3897061158299,0,0
14.04,9.473021,-1.9381804,1.1325643,1006.39874,5.666913979531528,1006.3896862221308,0,0
14.06,9.463447,-2.028745,1.1609695,1006.3856,5.666609042734318,1006.3896539336586,0,0
14.08,9.53513,-1.9953785,1.1562338,1006.39355,5.666329617771666,1006.3896394294032,0,0
14.1,9.568575,-2.0001447,1.2225143,1006.3983,5.666159962835982,1006.3896577914976,0,0
14.12,9.59724,-1.9667785,1.1372937,1006.38574,5.666110676307946,1006.3896599121944,0,0
14.14,9.468169,-2.0192103,1.1988395,1006.3983,5.665944581696931,1006.3896928903584,0,0
14.16,9.468156,-1.9620113,1.2035729,1006.40076,5.665652785637794,1006.3897618714587,0,0
14.18,9.511162,-2.0096765,1.2651188,1006.37054,5.665374045713838,1006.3897536244217,0,0
14.2,9.506368,-1.9286447,1.2509142,1006.40814,5.6650605061271095,1006.3898125282919,0,0
14.22,9.544592,-1.8762124,1.0899433,1006.4259,5.664733479946908,1006.38999449065,0,0
14.24,9.515901,-2.0621078,1.146755,1006.3979,5.664428847321322,1006.3901837324228,0,0
14.26,9.520666,-1.9858422,1.1798943000000002,1006.40076,5.664130156751439,1006.3903890210167,0,0
14.28,9.520652,-2.0382740000000004,1.1704243,1006.3902,5.6638577742742635,1006.3905697335427,0,0
14.3,9.530199,-2.0239742,1.2603768,1006.39777,5.66364587621264,1006.39075533209,0,0
14.32,9.5110655,-1.9906082,1.1656876,1006.41327,5.663411027489022,1006.3910003797708,0,0
14.34,9.491932,-2.038273,1.1088733999999998,1006.4053,5.663124780459468,1006.3912683825342,0,0
14.36,9.511039,-2.114538,1.1656848999999998,1006.43036,5.662880009867827,1006.3916459195987,0,0
14.38,9.587501,-1.9953735,1.0994021,1006.40765,5.662759472377242,1006.3920371260389,0,0
14.4,9.554029,-1.9763069,1.217761,1006.3902,5.662702457161554,1006.3923761823953,0,0
14.42,9.501437,-2.0287387,1.2082908,1006.4028,5.662615432857423,1006.3927132983353,0,0
14.44,9.477526,-2.0239718,1.132539,1006.39996,5.662433045104681,1006.3930372621055,0,0
14.46,9.534869,-2.0811703,1.2556324,1006.40015,5.662338762795563,1006.3933491223501,0,0
14.48,9.4918375,-2.1336021,1.288772,1006.43036,5.662268370907617,1006.3937579212213,0,0
14.5,9.507636,-2.0097075,1.0711229,1006.4123,5.662142230955206,1006.3941858873873,0,0
14.52,9.455101,-2.0621405,1.142143,1006.382,5.661900685230348,1006.3945201690973,0,0
14.54,9.5698595,-2.0001764,1.1042717,1006.3894,5.6617540113987275,1006.3947971078073,0,0
14.56,9.603363,-2.0240104,1.1326821000000002,1006.38965,5.661776214024274,1006.3950232812633,0,0
14.58,9.493471,-2.038311,1.1752958,1006.4019,5.6617422337719105,1006.3952478843164,0,0
14.6,9.569995,-1.9239149,1.0948153,1006.42694,5.6617459758912085,1006.395560435191,0,0
14.62,9.450542,-2.0907452,1.2652577,1006.4094,5.661655675882264,1006.3958864275768,0,0
14.64,9.426686,-2.0812132,1.2037143999999995,1006.3943,5.661414134919736,1006.3961687633097,0,0
14.66,9.546226,-2.0383150000000003,1.232125,1006.39667,5.661269318111635,1006.3964200396154,0,0
14.68,9.541489,-1.9811177,1.2558007,1006.3815,5.661182857388022,1006.3965883552162,0,0
14.7,9.584552,-2.0049515,1.2273983999999998,1006.3919,5.661237776927919,1006.3967202008023,0,0
14.72,9.584596,-1.8857887,1.0995736,1006.3938,5.6613372081371605,1006.3968261868396,0,0
14.74,9.6372175,-1.895323,1.1137809,1006.39386,5.661589364480621,1006.3969091578293,0,0
14.76,9.508202,-2.0430872,1.3173639,1006.3963,5.6618285659564105,1006.3969802780276,0,0
14.78,9.546487,-1.9334576,1.2984306,1006.3888,5.6620812845416815,1006.3970136708341,0,0
14.8,9.517853,-1.9525247,1.1848089,1006.3963,5.662265145043119,1006.3970406075027,0,0
14.82,9.522677,-1.9572923,1.2700322,1006.4164,5.662421416227644,1006.3971341025563,0,0
14.84,9.532279,-1.9572935,1.1895511,1006.38824,5.662551159065039,1006.3971846960164,0,0
14.86,9.5466585,-1.9572945,1.236899,1006.41644,5.662698213775397,1006.397298719492,0,0
14.88,9.527588,-1.9239295,1.1753561,1006.3785,5.662792035460166,1006.3973317952448,0,0
14.9,9.537192,-1.9143977,1.1753602,1006.3909,5.662854029226057,1006.3973378665172,0,0
14.92,9.518113,-1.9715974,1.1943016000000002,1006.40576,5.662877450237449,1006.397373550774,0,0
14.94,9.470357,-1.9763651,1.2984623,1006.4008,5.662799916729064,1006.3974174166003,0,0
14.96,9.565998,-1.9668329,1.2416534,1006.3835,5.662807188430411,1006.3974060737448,0,0
14.98,9.480008,-2.0144997,1.2605954,1006.41614,5.662740980243733,1006.3974634933323,0,0
15.0,9.465004,-2.0573823,1.2463313,1006.4085,5.662594617122911,1006.3975539607036,0,0
15.02,9.531939,-1.9525185,1.0995663,1006.40106,5.662431812320428,1006.3976465194148,0,0
15.04,9.565413,-2.004951,1.2984127,1006.3955,5.662395061007287,1006.3977205768216,0,0
15.06,9.541531,-2.0383172,1.2368671,1006.39307,5.662419435170728,1006.39776927187,0,0
15.08,9.508088,-2.0526173,1.161118,1006.3907,5.6624172429204265,1006.397786849436,0,0
15.1,9.441186,-2.0859838,1.2510732,1006.36273,5.662294532919137,1006.3976761763153,0,0
15.12,9.546359,-1.9572871,1.1043082,1006.3955,5.662185968758314,1006.397570551311,0,0
15.14,9.489018,-2.1288836,1.22267,1006.41064,5.662078114674923,1006.3975242710724,0,0
15.16,9.489034,-2.0478525000000003,1.1232487,1006.41046,5.661910603968607,1006.397529946478,0,0
15.18,9.555968,-2.0001874,1.2226728,1006.3753,5.661830354307474,1006.3974549334587,0,0
15.2,9.541646,-2.0955188,1.1563926000000002,1006.3803,5.661823192766086,1006.3973268941947,0,0
15.22,9.54644,-2.0287874,1.1705973,1006.4003,5.6618647155706725,1006.397224461882,0,0
15.24,9.4126215,-2.0955195,1.1895365,1006.4003,5.6617133383626905,1006.3971450246274,0,0
15.26,9.675529,-2.076454,1.2794915,1006.4103,5.661936727881066,1006.3971221917807,0,0
15.28,9.646866,-1.8476593,1.0901169,1006.3949,5.662291577029463,1006.3970940167868,0,0
15.3,9.431789,-1.9858899,1.1895409,1006.3873,5.662406292816973,1006.397033862902,0,0
15.32,9.489165,-2.1336536,1.2179489,1006.3873,5.662496165586154,1006.3969456690227,0,0
15.34,9.517859,-2.0192568,1.2321535,1006.39734,5.662574904490131,1006.3968691605028,0,0
15.36,9.560893,-1.8953266,1.2700301,1006.3847,5.662689106960952,1006.3967577485963,0,0
15.38,9.479652,-2.004958,1.2605628999999998,1006.4023,5.662713002756268,1006.3966792571413,0,0
15.4,9.393633,-2.0240245,1.2652988,1006.3871,5.662493129936503,1006.3965754167656,0,0
15.42,9.470126,-2.1908543,1.2226907,1006.3872,5.662276227531376,1006.3964499119094,0,0
15.44,9.546619,-2.0859904,1.1990201,1006.3947,5.662163134035653,1006.3963327161356,0,0
15.46,9.580095,-2.0049596000000003,1.1706152,1006.36414,5.6621676478159095,1006.3961132681717,0,0
15.48,9.474955,-1.9572942,1.0806628,1006.37177,5.662022011004447,1006.3958317281856,0,0
15.5,9.504001,-2.1098332,1.2700726999999998,1006.37445,5.6619161007944445,1006.3955059852319,0,0
15.52,9.537492,-1.9954364,1.227466,1006.41705,5.661852201816533,1006.3952957172118,0,0
15.54,9.513621,-1.9906707,1.2464063,1006.4124,5.661780429545263,1006.3951714998068,0,0
15.56,9.580568,-1.9811382,1.1659242,1006.3817,5.661812619179008,1006.3950132439087,0,0
15.58,9.518461,-1.981139,1.2795526000000002,1006.38684,5.661840521469041,1006.3948439853192,0,0
15.6,9.4993725,-2.1384363,1.1138513,1006.38885,5.661852703183284,1006.394672850082,0,0
15.62,9.532862,-2.14797,1.1848701,1006.3841,5.661939986074373,1006.394483572726,0,0
15.64,9.566349,-1.9096427,1.2227479,1006.3664,5.6620683545436,1006.3942152263928,0,0
15.66,9.618955,-1.895344,1.2132816000000002,1006.389,5.662330823300238,1006.3939593407576,0,0
15.68,9.513831,-1.9716096,1.2985038,1006.41144,5.662552180373603,1006.3937961705836,0,0
15.7,9.494741,-2.0335755,1.2464281,1006.4036,5.662710187768247,1006.3936872872036,0,0
15.72,9.566468,-2.0383427,1.2606342,1006.3865,5.662962071453728,1006.3935652036154,0,0
15.74,9.494801,-2.0478766,1.1801518,1006.3687,5.663134818498883,1006.3933678158237,0,0
15.76,9.490051,-1.9954453,1.1659515,1006.39856,5.663201354461602,1006.3932120958341,0,0
15.78,9.51398,-2.028812,1.1990951,1006.39856,5.6632446899198525,1006.393093754106,0,0
15.8,9.542689,-1.9763806,1.2748485,1006.37085,5.663322906167541,1006.3929091098404,0,0
15.82,9.494922,-1.9954476000000003,1.2464447,1006.38367,5.663335715390539,1006.392712697372,0,0
15.84,9.47105,-1.9668489,1.2085721,1006.4009,5.663220547549693,1006.3925686216043,0,0
15.86,9.413722,-2.0621808,1.341138,1006.3832,5.6629542429624165,1006.3924075892182,0,0
15.88,9.5428095,-2.0240493,1.2275153,1006.3706,5.6627677882387175,1006.3921867936807,0,0
15.9,9.452022,-2.0669487,1.2748619,1006.38074,5.662500793497004,1006.3919504902864,0,0
15.92,9.605006,-1.9239528,1.289068,1006.406,5.6624155976356985,1006.3917922708424,0,0
15.94,9.590696,-1.8429222,1.2511955,1006.3804,5.6624201054445065,1006.3916114559663,0,0
15.96,9.48079,-2.0812507,1.2322605,1006.378,5.662375972280681,1006.3914026867004,0,0
15.98,9.452144,-2.00022,1.2938107,1006.3932,5.662212657716774,1006.391224688505,0,0
16.0,9.551587,-1.9954305,1.3268663,1006.4006,5.662152229668537,1006.3911011604207,0,0
16.02,9.53724,-1.9620645,1.2132399,1006.4158,5.662109502592345,1006.3910809268283,0,0
16.04,9.4559765,-2.000197,1.199036,1006.38525,5.661930909915742,1006.3910420570892,0,0
16.06,9.532445,-2.071695,1.2795202,1006.39276,5.6618391470628024,1006.3910138963824,0,0
16.08,9.503758,-2.090761,1.3173946,1006.4135,5.661785489484882,1006.3910699635544,0,0
16.099999999999998,9.451175,-2.143193,1.2747844,1006.3625,5.661671801610378,1006.3910166526393,0,0
16.12,9.532423,-1.9954295,1.2227052,1006.39996,5.661590440445052,1006.3910017431648,0,0
16.14,9.484617,-2.0144956,1.2274389,1006.39545,5.661450817250371,1006.3910045828779,0,0
16.16,9.541968,-1.9620633,1.199032,1006.40753,5.661346561026996,1006.39106658355,0,0
16.18,9.589758,-2.0526276,1.2842506,1006.39044,5.661431036147809,1006.3911191116432,0,0
16.2,9.489375,-2.014495,1.2132338,1006.38245,5.6614444314953305,1006.3911343166644,0,0
16.22,9.589744,-1.9096303,1.2511083,1006.3924,5.661564007305294,1006.3911523082812,0,0
16.24,9.51326,-2.0907593,1.2416387,1006.37964,5.661696685317973,1006.391126761364,0,0
16.259999999999998,9.503693,-2.038327,1.2795132,1006.36975,5.661808374604959,1006.3910272317668,0,0
16.28,9.532363,-2.0001945,1.3126535,1006.3946,5.66195168841042,1006.3909521493804,0,0
16.3,9.575374,-1.9239295,1.2132303,1006.37714,5.6621511119009735,1006.3908360828462,0,0
16.32,9.565807,-1.947762,1.3079177,1006.36694,5.662415004063335,1006.3906475005583,0,0
16.34,9.484542,-2.043093,1.2653074,1006.38965,5.662599690342777,1006.3904772782466,0,0
16.36,9.479755,-2.1288908,1.2037593999999998,1006.4048,5.662725957540367,1006.3903784316104,0,0
16.38,9.484527,-2.0240264,1.2700403,1006.3773,5.662780925545193,1006.3902440083687,0,0
16.4,9.618355,-1.8762629,1.2795086000000002,1006.38434,5.6629845528769005,1006.3901039775624,0,0
16.419999999999998,9.541871,-2.0001934,1.2937112,1006.3767,5.6632188202260805,1006.3899319920224,0,0
16.44,9.508405,-1.9668269,1.1611471000000002,1006.3994,5.663363245365171,1006.3898141104283,0,0
16.46,9.508397,-2.1336565,1.3363193000000002,1006.3717,5.663546594922225,1006.3896447394541,0,0
16.48,9.527509,-1.952527,1.2558337,1006.3868,5.663701781795362,1006.3894848421993,0,0
16.5,9.547036,-1.8905721,1.2416679,1006.42206,5.663842013403058,1006.3894608275527,0,0
16.52,9.499247,-1.9763703,1.2085278999999998,1006.3817,5.663898536978966,1006.389411669232,0,0
16.54,9.513596,-2.0955343,1.2274663,1006.35345,5.663966186389715,1006.3892387709308,0,0
16.56,9.551844,-1.981137,1.213264,1006.40686,5.664067560987974,1006.3891494344164,0,0
16.58,9.484934,-2.01927,1.3647658,1006.38916,5.6641209838389415,1006.3890705347079,0,0
16.599999999999998,9.575759,-1.9430051,1.1185774,1006.3915,5.664218426693767,1006.3890095650012,0,0
16.62,9.508852,-2.000204,1.1801255,1006.37616,5.664258042472513,1006.3889094337339,0,0
16.64,9.50886,-1.9954376,1.260611,1006.3838,5.6642652615437115,1006.3888025637848,0,0
16.66,9.575786,-1.9859049,1.1990647,1006.37866,5.6643589017427365,1006.3886716202684,0,0
16.68,9.637932,-1.8715076,1.2322063,1006.3612,5.664616277490959,1006.3884570207435,0,0
16.7,9.484986,-1.8953407,1.2464104,1006.39136,5.664721219649575,1006.3882778513292,0,0
16.72,9.585372,-1.8905745,1.2606143,1006.3884,5.664895929893312,1006.38811997697,0,0
16.74,9.571041,-1.9287069,1.3742409,1006.36285,5.665149636928724,1006.3878895072687,0,0
16.759999999999998,9.528031,-1.8381426,1.2700847,1006.3556,5.66532009762462,1006.3875696220152,0,0
16.78,9.561499,-1.9001081,1.1375222,1006.37286,5.665474854638396,1006.3872340167653,0,0
16.8,9.47069,-1.9191747,1.2700864,1006.37067,5.665473187950777,1006.3868778455064,0,0
16.82,9.532837,-1.9334743000000003,1.3269001,1006.38324,5.665480313830824,1006.386550036338,0,0
16.84,9.532846,-1.9096417,1.2984945,1006.38794,5.665477603280916,1006.3862653880262,0,0
16.86,9.528076,-1.9144087,1.2890264,1006.37286,5.6654559109821605,1006.3859656133808,0,0
16.88,9.485065,-2.0145066000000003,1.3032305,1006.39307,5.6653763872885525,1006.3857263082961,0,0
16.9,9.56155,-1.966841,1.2842935,1006.3677,5.66537501698012,1006.3854499636134,0,0
16.919999999999998,9.542441,-1.9287088,1.2842944,1006.3702,5.665388425323442,1006.3851508855828,0,0
16.94,9.542451,-1.9191761000000005,1.2842953,1006.3549,5.665410981945177,1006.3847777170466,0,0
16.96,9.480321,-1.8953435,1.1564671,1006.38257,5.665273094150955,1006.3844400375467,0,0
16.98,9.49467,-1.9525423,1.3458441,1006.38007,5.665096801794455,1006.3841259318056,0,0
17.0,9.566534,-1.9191806,1.2843122,1006.36487,5.665001449780158,1006.383779066618,0,0
17.02,9.55221,-2.0002127,1.2843136,1006.37494,5.664982578648268,1006.3834407558987,0,0
17.04,9.475748,-1.8858156000000004,1.3127215,1006.38245,5.664837690155212,1006.3831382578256,0,0
17.06,9.514002,-1.8095509,1.1564876,1006.3751,5.664588244077453,1006.3828420328005,0,0
17.08,9.466218,-1.9001157,1.3174585,1006.37494,5.6642288936399865,1006.3825518410497,0,0
17.099999999999998,9.55227,-1.9144158,1.2322407,1006.3897,5.663930302747038,1006.3823211609912,0,0
17.12,9.585744,-1.8905833,1.2180388,1006.3776,5.663740918882656,1006.3821003359116,0,0
17.14,9.53796,-1.8858173,1.2653842,1006.3748,5.6635625908191605,1006.3818789336624,0,0
17.16,9.480618,-1.9382496,1.2985263,1006.37476,5.663309159872553,1006.3816576744736,0,0
17.18,9.499752,-1.8762848,1.2511839,1006.3899,5.66299092902459,1006.3814918422264,0,0
17.2,9.518885,-1.943017,1.3364044,1006.37933,5.662705720558632,1006.3813375302203,0,0
17.22,9.5284605,-1.9334841,1.2890615,1006.3848,5.662452957161796,1006.3812136450236,0,0
17.24,9.566713,-1.8619862,1.2322502,1006.37933,5.662263210305711,1006.3810973989412,0,0
17.259999999999998,9.581067,-1.933485,1.3174708000000002,1006.3768,5.662210437865889,1006.3809792132668,0,0
17.28,9.447249,-1.9477851,1.3080034,1006.4073,5.6620120697802925,1006.3809695392372,0,0
17.3,9.499841,-2.0097506000000003,1.2085823,1006.3768,5.6617913443825625,1006.3809459809233,0,0
17.32,9.581113,-1.9477856,1.3695534,1006.3748,5.661733575377004,1006.3809030392656,0,0
17.34,9.56201,-1.7857232,1.265398,1006.3843,5.661688506081577,1006.3808773250756,0,0
17.36,9.509446,-1.8905876,1.2133208999999998,1006.3692,5.6615756283221215,1006.3808125656473,0,0
17.38,9.476003,-1.9620867,1.3506199,1006.38934,5.661402449935896,1006.38078604298,0,0
17.4,9.566834,-1.9430208,1.3553559,1006.41974,5.661353259293331,1006.3809028417965,0,0
17.419999999999998,9.519052,-1.9096551,1.4263734,1006.3793,5.661324723121754,1006.381000275,0,0
17.44,9.4234705,-1.9763873,1.3364208999999998,1006.39417,5.661123039867254,1006.3811337779888,0,0
17.46,9.461723,-1.952555,1.2559375,1006.38684,5.660813955146668,1006.381272283629,0,0
17.48,9.542994,-1.9239559,1.3553611,1006.3766,5.660590909994283,1006.3813778469914,0,0
17.5,9.552825,-1.928729,1.3080419,1006.38654,5.660453158711042,1006.3814897065294,0,0
17.52,9.548071,-1.9144299,1.3459195,1006.36127,5.6603864877652725,1006.3815157546736,0,0
17.54,9.581554,-1.8762984,1.2038897,1006.3918,5.6603970052744375,1006.381575794097,0,0
17.56,9.466866,-1.8715322,1.2985799999999998,1006.3764,5.660266985269124,1006.3816102120727,0,0
17.58,9.548143,-1.8953657,1.3553951000000002,1006.36115,5.660202988562718,1006.3815669670328,0,0
17.599999999999994,9.529052,-1.9048994,1.3648664,1006.3687,5.660165580558382,1006.381482434634,0,0
17.62,9.548196,-1.8381684,1.2891182,1006.3638,5.660142733791737,1006.3813440850416,0,0
17.64,9.490862,-1.8763013,1.2465106,1006.3612,5.66002043190066,1006.381149320636,0,0
17.66,9.510005,-1.9144342,1.3222635,1006.36334,5.659885437330527,1006.3809131132524,0,0
17.68,9.591289,-1.9335012,1.3790786,1006.3508,5.659927730783004,1006.380595993201,0,0
17.7,9.619992,-1.8572366,1.3885497,1006.38885,5.660156847989278,1006.3803455003481,0,0
17.72,9.51486,-1.9192026,1.3270046,1006.3909,5.660344950029748,1006.3801621610615,0,0
17.74,9.529224,-1.92397,1.3554133,1006.38885,5.660535141516348,1006.3800314386883,0,0
17.759999999999994,9.557931,-1.8572385,1.3033373,1006.36304,5.660743126407639,1006.3798547632199,0,0
17.78,9.543615,-1.8477063,1.4311684,1006.36804,5.660970398547215,1006.3796561196287,0,0
17.8,9.467163,-1.85724,1.364889,1006.34796,5.661043596039634,1006.3793664921208,0,0
17.82,9.500645,-1.9287388,1.3364848,1006.3857,5.6610686205107,1006.3791333778832,0,0
17.84,9.495892,-1.9049067,1.3932999,1006.3826,5.661048168354101,1006.3789398779824,0,0
17.86,9.553275,-1.9001408,1.3364896000000002,1006.35754,5.661085072939421,1006.3786918619091,0,0
17.88,9.558079,-1.9859395,1.3696326,1006.35254,5.66122688108263,1006.3783785682042,0,0
17.9,9.491187,-1.8763094,1.369635,1006.3527,5.6612811129061535,1006.3780092990406,0,0
17.919999999999995,9.534231,-1.8524773,1.3412308000000002,1006.3781,5.661327105435571,1006.3776833393316,0,0
17.94,9.605951,-1.9287424,1.3317642,1006.3751,5.661538304793334,1006.3773860213107,0,0
17.96,9.562959,-1.9144435,1.3270321000000005,1006.3551,5.661800791710387,1006.377043081431,0,0
17.98,9.567764,-1.9144442,1.3838473999999998,1006.36035,5.662133603082551,1006.3766799646601,0,0
18.0,9.496542,-1.9907205,1.374422,1006.3678,5.662412520844739,1006.3763271468083,0,0
18.02,9.644755,-1.8953905,1.3412848,1006.3652,5.6628932959187415,1006.3759753392263,0,0
18.04,9.539643,-1.9049246,1.3223512,1006.3577,5.663336859912784,1006.3755986908252,0,0
18.06,9.616163,-1.9192252,1.322355,1006.35754,5.663906270881399,1006.3752008730113,0,0
18.08,9.53017,-1.9478259,1.3460311000000005,1006.3726,5.664429568934582,1006.374839998048,0,0
18.1,9.549332,-1.9525933,1.346035,1006.35455,5.664950857651539,1006.3744480849376,0,0
18.12,9.520694,-1.9716609,1.2750226,1006.3904,5.665398938958738,1006.3741592174073,0,0
18.14,9.463379,-1.9525955,1.3507768999999998,1006.3622,5.6656783022502015,1006.3738609208748,0,0
18.16,9.434744,-2.109893,1.4170628,1006.3572,5.665837525385492,1006.3735373667438,0,0
18.18,9.458683,-2.0193293000000003,1.3223783000000002,1006.36237,5.6658707542160105,1006.3732112717933,0,0
18.2,9.496965,-1.8620338,1.3129133999999998,1006.3699,5.6658021347767615,1006.3729112137164,0,0
18.22,9.487448,-1.9621327,1.2134948,1006.34674,5.665638549046581,1006.3725518660304,0,0
18.24,9.477929,-2.0097995,1.32239,1006.37195,5.665421945562075,1006.3722321796972,0,0
18.26,9.454074,-2.0288665,1.4028786,1006.37976,5.66514276759306,1006.3719768050064,0,0
18.28,9.492354,-2.0098016,1.2939914,1006.3673,5.6648469872564124,1006.3717343194317,0,0
18.3,9.458939,-1.9812033,1.3318704,1006.3569,5.664468696954062,1006.3714666556276,0,0
18.32,9.535457,-1.9764376,1.3602806,1006.34937,5.664179195321378,1006.3711505999304,0,0
18.34,9.578517,-1.9621389,1.2703308999999998,1006.3364,5.664025140917382,1006.3707462309565,0,0
18.36,9.583339,-1.9526069,1.3318819,1006.37195,5.66401399791136,1006.3703932640994,0,0
18.38,9.578604,-1.8715768,1.2608700000000002,1006.364,5.6640675156051525,1006.370058366834,0,0
18.4,9.588207,-1.9430759,1.3224213,1006.3618,5.664242903431286,1006.3697327214895,0,0
18.42,9.569131,-1.9716763,1.2703468,1006.3842,5.6644844063336,1006.369497063466,0,0
18.44,9.578731,-2.0574753,1.3129601,1006.37445,5.664850813370372,1006.3693066666077,0,0
18.46,9.46884,-2.028877,1.3508391000000002,1006.3716,5.6651033164606845,1006.3691466879441,0,0
18.48,9.588377,-1.8334494,1.2514206,1006.3512,5.665388226843,1006.3689407227199,0,0
18.5,9.567443,-1.8572376,1.3128018,1006.36163,5.6656842869263295,1006.3687324132466,0,0
18.52,9.481378,-2.0621989,1.3317367,1006.3663,5.665905898594994,1006.368539594308,0,0
18.54,9.380971,-2.1336966,1.2417803,1006.3511,5.665866306530727,1006.3683064369543,0,0
18.56,9.447856,-2.0478978,1.3601376,1006.35394,5.665725119497807,1006.3680486999436,0,0
18.58,9.58166,-1.9001336,1.2038993999999998,1006.3716,5.665660299119932,1006.3678337482013,0,0
18.6,9.5338335,-2.0478961,1.2938505,1006.3486,5.665651974972639,1006.367574575348,0,0
18.62,9.462106,-2.043129,1.3127853,1006.34827,5.665552318530158,1006.3672760737436,0,0
18.64,9.490754,-2.0812604,1.2985792,1006.3765,5.665442743405039,1006.3670455238607,0,0
18.66,9.466827,-2.047894,1.2938421999999998,1006.35614,5.665260701450514,1006.3668025500982,0,0
18.68,9.528933,-2.0049942,1.2891048,1006.3509,5.66512068353796,1006.3665306093013,0,0
18.7,9.466766,-1.9906938000000003,1.3695872,1006.3564,5.664909666177848,1006.3662538522196,0,0
18.72,9.528873,-1.9668603,1.2228178,1006.37366,5.664711518967806,1006.3660359717944,0,0
18.74,9.557524,-2.038358,1.407457,1006.3664,5.6646647486434505,1006.3658447631516,0,0
18.76,9.538374,-1.976392,1.4074541,1006.3611,5.6646871237519605,1006.365658730048,0,0
18.78,9.495327,-2.0002239,1.3648419,1006.36365,5.664681339457648,1006.3654871197696,0,0
18.8,9.452276,-2.066955,1.2606821,1006.34076,5.664563781489264,1006.365246467296,0,0
18.82,9.485704,-2.0860205,1.3364298,1006.3555,5.664444464187237,1006.3649987394883,0,0
18.84,9.571714,-2.0764866,1.3458962,1006.3453,5.6644955357746705,1006.3647089317352,0,0
18.86,9.452189,-1.9906878,1.3742998,1006.36584,5.6644276352834915,1006.3644569294504,0,0
18.88,9.428257,-2.0526524,1.4027032,1006.34796,5.664241811253804,1006.3641748712854,0,0
18.9,9.499926,-2.009753,1.4169039,1006.353,5.664082321048117,1006.3638854151544,0,0
18.92,9.5142355,-1.9811528000000005,1.4500419,1006.35046,5.663973443945906,1006.363581320222,0,0
18.94,9.538105,-1.9430194,1.4405705,1006.3706,5.6639390354783465,1006.3633378891873,0,0
18.96,9.557194,-1.9668515,1.3979579,1006.3756,5.664006083812834,1006.3631669371238,0,0
18.98,9.471127,-1.9620843,1.3695488999999998,1006.3831,5.66397878727017,1006.3630876429067,0,0
19.0,9.505836,-2.057446,1.2797096,1006.3503,5.6639535760259605,1006.3629715430224,0,0
19.02,9.591892,-2.019314,1.3886026000000002,1006.36554,5.664117855111147,1006.3628782036096,0,0
19.04,9.577572,-1.8858509,1.2181659,1006.3856,5.6643183969644335,1006.3628775273712,0,0
19.06,9.658848,-1.847719,1.3412621,1006.3527,5.664732855177733,1006.3628402907487,0,0
19.08,9.60151,-1.8572524,1.3317951,1006.36,5.6652199322113574,1006.3627971634224,0,0
19.1,9.467698,-2.0717483,1.3223283,1006.3425,5.665586014924041,1006.3626859863284,0,0
19.12,9.587212,-1.9859505,1.1045473999999995,1006.3474,5.66599214065848,1006.3625327206971,0,0
19.14,9.687607,-1.8620207,1.0382675,1006.36005,5.6665705444246415,1006.3623883573912,0,0
19.16,9.673288,-1.8000557,1.2371145,1006.355,5.667293674009764,1006.3622341998874,0,0
19.18,9.2287855,-1.7190249,0.77314466,1006.3675,5.667108029058034,1006.3621169431972,0,0
19.2,9.276605,-2.3196115,1.3081341999999998,1006.3399,5.666602213840065,1006.3619333541907,0,0
19.22,9.520393,-2.5245738,1.7768419999999998,1006.3421,5.666557623310863,1006.3616997348688,0,0
19.24,9.811983,-1.6522945,0.78261906,1006.3523,5.666863445055991,1006.3614594697908,0,0
19.26,9.16673,-1.8953896,1.4265,1006.3647,5.666413291060968,1006.3612588374768,0,0
19.28,9.453537,-1.3567691000000002,1.6963626,1006.3725,5.665777286083379,1006.361122026949,0,0
19.3,9.453557,-1.7333275,1.303409,1006.3647,5.664977768041034,1006.3610140218697,0,0
19.32,9.549172,-1.8095928,1.8289298,1006.3598,5.664432763052112,1006.3609142181027,0,0
19.34,9.295862,-1.5378996,1.6916337,1006.3569,5.663456072101643,1006.3608115803092,0,0
19.36,9.530094,-1.4282693000000002,1.6490258000000002,1006.3622,5.662524910112885,1006.3607258878656,0,0
19.38,9.544454,-1.3472383999999995,1.5590742,1006.3595,5.6616118484952285,1006.3606457568263,0,0
19.4,9.59705,-1.528368,1.7815928,1006.3421,5.660958348561902,1006.3605081883153,0,0
19.42,9.845622,-1.3853717,1.4359833,1006.3647,5.660881215138823,1006.3604017233008,0,0
19.44,9.721366,-1.6189336,1.4880636,1006.372,5.6611498192297525,1006.3603494046105,0,0
19.46,9.726166,-1.6475334,1.5543469,1006.3595,5.661763411099577,1006.360300117959,0,0
19.48,9.711845,-1.699966,1.5543487,1006.372,5.662668919664996,1006.3602986878493,0,0
19.5,9.593556,-1.7476611000000002,1.7485698,1006.359,5.663674677551677,1006.3602927489276,1,2
19.52,9.502808,-1.6475651000000002,1.8337952,1006.3595,5.664579144228992,1006.3602846474008,1,2
19.54,9.340353,-1.7381311999999998,1.9616296,1006.3771,5.665149197743008,1006.3603380241606,1,2
19.56,9.220924,-1.8858962,2.255169,1006.3592,5.665374150489522,1006.3603810909786,1,2
19.58,9.560363,-1.561772,2.2315035,1006.3645,5.6658391131475065,1006.3604339728917,1,2
19.6,9.426587,-1.5093412,2.141555,1006.3844,5.666188410131525,1006.3605669770476,1,2
19.62,9.101631,-1.5236425,2.297797,1006.3587,5.665865037685598,1006.3606777784024,1,2
19.64,9.225974,-1.3186823,1.9474571,1006.37427,5.664971291392307,1006.3608246144772,1,2
19.66,9.7566,-1.2471856,1.885916,1006.3818,5.6646037960265945,1006.3610298702208,1,2
19.68,10.048234,-1.2614869,2.1936586,1006.3592,5.665423460833496,1006.361204646663,1,2
19.7,10.4545765,-1.6380464,2.3072898,1006.36127,5.66826346476839,1006.3613593143996,1,2
19.72,9.871512,-3.0298830000000003,1.8811996,1006.37396,5.672182653874997,1006.3615413412796,1,2
19.74,9.192847,-4.5790157,1.2373267,1006.3589,5.67672624222558,1006.361692671402,1,2
19.76,8.136575,-5.713457599999999,0.030059386,1006.3714,5.680969322974107,1006.3618613330812,1,2
19.78,8.409089999999999,-6.647703999999999,-0.79845524,1006.37396,5.6866085215138575,1006.3620539177421,1,2
19.8,8.8632345,-7.5819516,-1.1109202,1006.3537,5.6954718755731335,1006.3621940114442,1,2
19.82,9.843165,-5.7420620000000016,-1.3192276,1006.3739,5.706643283992468,1006.3623599397985,1,2
19.84,10.039196,-4.3549957,-1.1109083,1006.33826,5.7188321311486625,1006.3624197943087,1,2
19.86,10.072726,-3.0680265,-0.7700246000000001,1006.37354,5.730958217834022,1006.3625127144946,1,2
19.88,10.082354,-2.5341737,-0.5285638,1006.3759,5.742676877096147,1006.3626430129988,1,2
19.9,10.221034,-1.6952613999999997,0.83495086,1006.37115,5.753961906299515,1006.36278876991,1,2
19.92,10.732541,-1.0756106,2.5488117000000003,1006.351,5.766255421406925,1006.3628751211453,1,2
19.94,10.498393,-0.27006418,3.235306,1006.36584,5.77919949621438,1006.3629620946608,1,2
19.96,10.245127,0.6498798000000001,2.9039037,1006.36835,5.79200589501737,1006.363058340918,1,2
19.98,10.508083,0.7738086,3.14063,1006.3806,5.805322341303851,1006.3632065340836,1,2
20.0,11.557436,1.1551872,3.220913,1006.3759,5.821241994703362,1006.363383174042,1,2
20.02,13.220785,1.979802,3.4718342000000004,1006.35785,5.843059159559373,1006.3635193336827,1,2
20.04,14.267541,1.255286,3.841116,1006.34784,5.8721228286422775,1006.3635831987399,1,2
20.06,14.401352,0.7833974,2.9179049,1006.37067,5.9072480865153985,1006.3636651423892,1,2
20.08,14.315294,-1.1089252,2.2692895,1006.35284,5.947232018961254,1006.363698577285,1,2
20.1,15.2999115,-4.0737233,2.5864925,1006.3606,5.994496186437911,1006.3637169654808,1,2
20.12,17.020618,-6.0947432999999975,2.1888006,1006.3302,6.0525293377257015,1006.3636125522148,1,2
20.14,16.16979,-6.652429,1.7390298,1006.3753,6.118539027564614,1006.3635623674647,1,2
20.16,14.726266,-5.7420163,0.65484905,1006.36566,6.187719050453622,1006.363525575697,1,2
20.18,12.90992,-5.7563157,1.8289796000000005,1006.39026,6.2561949148733085,1006.3635893104184,1,2
20.2,10.151949,-6.1185730000000005,2.1319795,1006.3653,6.3192096977740535,1006.3636517849009,1,2
20.22,7.7285666,-5.537053,1.6727401000000002,1006.3606,6.372204579835255,1006.3636960009276,1,2
20.24,5.869199,-4.745804,1.2087662,1006.33734,6.411978749143876,1006.3636401886059,1,2
20.26,4.4495754000000005,-4.726737,0.35657144,1006.3577,6.437552940659711,1006.3635694881592,1,2
20.28,3.5700707,-4.812535,-0.32991925,1006.3653,6.449448425096472,1006.3635132470872,1,2
20.3,3.4744506,-5.3273220000000014,0.0014868863,1006.34515,6.449960692327838,1006.3633974447864,1,2
20.32,5.271635,-5.851643,0.69270796,1006.3677,6.443626688567183,1006.3633106110724,1,2
20.34,8.784769,-6.9050517000000005,1.8621038,1006.36237,6.438377322901657,1006.3632304986024,1,2
20.36,12.82368,-7.4198384000000015,3.5570188,1006.3723,6.4422294470872234,1006.3631923614296,1,2
20.38,15.084506,-6.109035,5.625952,1006.40784,6.458231384778283,1006.363319394922,1,2
20.4,15.978307,-4.3692417,5.4697146,1006.37744,6.485379000616122,1006.363482475894,1,2
20.42,15.710614,-4.469338400000002,7.131488,1006.3748,6.523063514412012,1006.363667317328,1,2
20.44,16.551835999999998,-3.682856,6.1988087,1006.35455,6.570403345251358,1006.3637978208766,1,2
20.46,15.42378,-1.8715637,5.588068,1006.37,6.622897411020065,1006.363935461657,1,2
20.48,13.091215,-0.7275896,5.0294065,1006.3625,6.674626444174894,1006.3640519133888,1,2
20.5,11.304504,-0.82294375,4.338269,1006.37744,6.721530375457259,1006.3642030072504,1,2
20.52,10.276863,-0.61798215,3.396124,1006.38214,6.761309985306165,1006.3644010869608,1,2
20.54,10.391593,0.12083383,3.1452017000000003,1006.3799,6.7946860728150185,1006.3646319062796,1,2
20.56,10.477644,2.1037211,3.92638,1006.37744,6.8233800393858335,1006.3648819673673,1,2
20.58,12.026316,3.5193882000000003,3.1452045,1006.3695,6.851022311441077,1006.3651195462616,1,2
20.6,13.0253105,2.9426343,2.3166852,1006.3668,6.878952803320824,1006.365335520606,1,2
20.62,14.081661,1.9559566,2.7475176,1006.3745,6.908963883774946,1006.3655593476628,1,2
20.64,14.368465,-0.77051425,3.7180715,1006.3869,6.9414988963588105,1006.3658339475984,1,2
20.66,14.774762,-2.6485379,4.4519057,1006.3617,6.977798982238458,1006.3660617018904,1,2
20.68,14.153403,-3.3587554,5.6686487,1006.3693,7.017202533753324,1006.3662746034556,1,2
20.7,14.793913,-3.5541844,7.5860844,1006.382,7.062093911158078,1006.3665193347066,1,2
20.72,15.764226999999998,-5.198647,7.415647,1006.3945,7.114123740833036,1006.3668363096347,1,2
20.74,15.400976000000002,-7.019472,8.097403,1006.3919,7.173483553425523,1006.3672066179668,1,2
20.76,13.02543,-6.790678,7.278352000000001,1006.3693,7.234182764094932,1006.3675413585839,1,2
20.78,10.5160475,-5.7229695,6.151565,1006.36145,7.289750368957797,1006.3678152065027,1,2
20.8,9.650918,-5.3702445,5.3277802,1006.38184,7.338093598689437,1006.3681076677801,1,2
20.82,8.470321,-5.0651855,5.682862,1006.3715,7.378063040280512,1006.3683782989607,1,2
20.84,6.3433227999999975,-4.793492,4.920624299999999,1006.3587,7.406253216972858,1006.3685825867959,1,2
20.86,5.052792,-4.8030252,3.7606964,1006.369,7.420963081360723,1006.3687645982144,1,2
20.88,4.374073,-4.588531,2.7049255000000003,1006.3436,7.4215706200448945,1006.3688348309503,1,2
20.9,4.1972365,-4.845925,1.8243275,1006.3487,7.409243622636717,1006.3688244032044,1,2
20.92,5.3539634000000005,-5.894568,2.5155517999999994,1006.3715,7.389035395411224,1006.3688248213963,1,2
20.94,7.8585963,-7.062375,-0.1215101,1006.32574,7.36654079057245,1006.3686700855541,1,2
20.96,10.721713,-5.956534400000002,0.81116897,1006.3413,7.345693466887678,1006.3684348286557,1,2
20.98,15.114369,-2.8868716,-2.1478326,1006.3408,7.3331208546440285,1006.3681274702768,1,2
21.0,16.749681,-2.6533258,-5.083106,1006.3913,7.3324094327127645,1006.3679393095205,1,2
21.02,16.372116000000002,-3.925997,-1.7926917000000002,1006.36346,7.340575466206987,1006.3677569251621,1,2
21.04,16.50599,-3.110917,0.8964535,1006.3689,7.356325649455601,1006.367599885412,1,2
21.06,15.06253,-0.68950707,-0.17351809,1006.3785,7.375101478975629,1006.3675003655015,1,2
21.08,14.116166,0.2876362,-0.3534221,1006.3534,7.394496619261428,1006.367361668393,1,2
21.1,12.557989,0.77859056,0.13422517,1006.3684,7.411166873363709,1006.3672428536216,1,2
21.12,11.286598,0.67372537,1.2988919,1006.3807,7.422871579306363,1006.3671863146164,1,2
21.14,10.861238,0.97878397,1.7344612,1006.39825,7.429442554084423,1006.367248186019,1,2
21.16,11.100264,0.99308276,2.1984363,1006.3634,7.432112673112148,1006.3672890021204,1,2
21.18,11.535269,0.7690535,3.5288076,1006.381,7.432839669944414,1006.3673744268201,1,2
21.2,11.267633,-0.09846069,4.901788,1006.3782,7.432264104649441,1006.367488880148,1,2
21.22,11.047804,-1.3615991000000005,6.180082,1006.3835,7.4314621465896655,1006.3676476511405,1,2
21.24,11.143437,-1.5427291,7.330545,1006.35785,7.4319084463291905,1006.3677526696448,1,2
21.26,11.473283,-2.4245431,6.790827,1006.3556,7.433713178755754,1006.3678017143848,1,2
21.28,10.894968,-3.6352496,7.0086135999999986,1006.3782,7.436512088524054,1006.3678824841452,1,2
21.3,10.976263,-3.9879758,7.349493499999999,1006.36566,7.440893311432082,1006.3679458513623,1,2
21.32,10.665614,-3.8306804,8.00758,1006.34,7.446818622374418,1006.3679012375708,1,2
21.34,10.832944,-4.536132,8.495227,1006.3606,7.455372471819503,1006.3678355323692,1,2
21.36,11.071973,-5.1796184,8.092806,1006.3551,7.4665611915278625,1006.3677316273364,1,2
21.38,11.162829,-5.9041357,8.021792999999999,1006.36786,7.480662751271666,1006.3676402789912,1,2
21.4,10.087411,-5.4322475999999975,7.837154400000001,1006.40027,7.495043919942111,1006.3676770305893,1,2
21.42,9.255766,-5.394116,6.5304627,1006.35504,7.506846205076653,1006.3676640109908,1,2
21.44,8.734805,-5.189155,6.2369328,1006.3727,7.515028545089224,1006.367670636434,1,2
21.46,8.108689,-5.0318594,4.489941,1006.3774,7.517124980017406,1006.3677115163847,1,2
21.48,8.146967,-4.612403400000002,2.8281689,1006.3548,7.512242820038992,1006.36770115645,1,2
21.5,8.312796,-4.035614,1.9569043,1006.36005,7.5005170562386425,1006.3676644582486,1,2
21.52,8.609122,-3.5541910000000003,1.1047095,1006.3626,7.482648638288982,1006.367613799668,1,2
21.54,8.953247,-3.3778281000000003,0.11048271,1006.36755,7.459813186559472,1006.3675688080673,1,2
21.56,9.364291,-3.5827894,-0.42450687,1006.3601,7.433638359342851,1006.36750216578,1,2
21.58,9.584143,-3.4064263999999995,-1.6365162,1006.3674,7.405162146442112,1006.367442912858,1,2
21.6,10.549643,-2.5865784,-2.5407891,1006.352,7.376527859599607,1006.3673349624901,1,2
21.62,10.707355499999998,-2.2195528,-2.8059177,1006.3996,7.348135358361021,1006.3673557316797,1,2
21.64,11.180537,-1.7619629,-2.332479,1006.39246,7.320613893230273,1006.367464458702,1,2
21.66,11.156618,-1.4521362,-2.5644667,1006.36945,7.2939256895514175,1006.3675676778473,1,2
21.68,12.471041,-0.46545833,-2.4177022,1006.3845,7.27050675376771,1006.3677198386438,0,0
21.7,12.184235,0.55935174,-1.4566199,1006.38715,7.2491712260220815,1006.3679242365043,0,0
21.72,11.696676,0.23522626,0.24302967,1006.3894,7.228543383494308,1006.3681821552028,0,0
21.74,10.989245,-0.27479482,1.5875986999999998,1006.36957,7.207378773842706,1006.3684150484061,0,0
21.76,10.286593,-0.81341517,2.4019146,1006.4096,7.1847515535552935,1006.3687690986659,0,0
21.78,9.932869,-0.9897774,2.0941765,1006.39716,7.1600920257880025,1006.3691841447203,0,0
21.8,9.5552435,-1.8191576,1.5639212,1006.36957,7.1330031068808335,1006.3695522684932,0,0
21.82,9.507426,-2.1766489,1.2325111999999998,1006.3994,7.103821820968271,1006.3699849944924,0,0
21.84,9.21106,-2.3673108,0.33770690000000003,1006.44226,7.072242940186629,1006.3706275412047,0,0
21.86,9.211038,-2.6390038,0.69278526,1006.38403,7.038846790817453,1006.3712435443317,0,0
21.88,9.234916,-2.4435747,-0.13100307,1006.3894,7.003854956910791,1006.3718532079347,0,0
21.9,9.1870985,-2.3339434,-0.48135072,1006.35675,6.967449262025102,1006.372337535146,0,0
21.92,9.253996,-1.9430852,-0.022115331,1006.38434,6.929851923204057,1006.3728086955437,0,0
21.94,9.320893,-1.7905547999999998,0.2856191,1006.3994,6.891419713603012,1006.3733207415668,0,0
21.96,9.583763,-1.7047564,0.28088295,1006.39435,6.852892484345063,1006.3738488907633,0,0
21.98,9.679338,-1.9097178,0.7921967,1006.39685,6.814751364997683,1006.3743983673863,0,0
22.0,9.828581,-1.7715139,0.7307473000000001,1006.422,6.777329755107421,1006.3750552508079,0,0
22.02,9.556154,-1.4807546,0.46088833,1006.4016,6.739987575944013,1006.3757312340966,0,0
22.04,9.651773,-1.4426225,0.7354859,1006.40155,6.703069273380827,1006.3764214804877,0,0
22.06,9.575318,-1.6237522,0.7402221999999999,1006.4119,6.666561807388071,1006.3771591048687,0,0
22.08,9.694835,-1.9478786,0.92486596,1006.38904,6.630946919189724,1006.3778536409948,0,0
22.1,9.379393,-2.305371,0.8396488999999999,1006.4245,6.595756845626128,1006.378635260008,0,0
22.12,9.216902,-2.1766746,0.65974367,1006.4091,6.560649812867954,1006.3794355716318,0,0
22.14,9.197803,-1.9669466,0.34727475,1006.3916,6.525573740028943,1006.3801865189247,0,0
22.16,9.541972,-1.8287169,0.10108791,1006.4116,6.491283104036505,1006.3809631444847,0,0
22.18,10.015194,-1.4807588,-0.059879903,1006.38904,6.458658127615987,1006.3816784475096,0,0
22.2,9.871822,-1.4902925,0.29520255,1006.38104,6.427339284946345,1006.3823081908513,0,0
22.22,9.886185,-1.4616938,0.30467346,1006.3991,6.397308613110527,1006.3829250825808,0,0
22.24,9.962683,-1.3997289,0.2052529,1006.4191,6.368657973821003,1006.3836003978156,0,0
22.26,9.742833,-1.4283289,0.41830307,1006.40393,6.340900112070361,1006.3842702929253,0,0
22.28,9.666381,-1.5093609,0.65502554,1006.39624,6.313926196019927,1006.3849053031893,0,0
22.3,9.704642,-1.4140304,0.5129954999999999,1006.4187,6.287773488609798,1006.385588059167,0,0
22.32,9.83372,-1.509362,0.52720076,1006.40607,6.262736344034941,1006.386265077336,0,0
22.34,9.752486,-1.5474951,0.73551667,1006.3884,6.238648288932718,1006.3868709763118,0,0
22.36,9.589995,-1.5093632,0.81600356,1006.4236,6.215153900849552,1006.387538573132,0,0
22.38,9.604355,-1.452165,0.8065366999999999,1006.38574,6.1922783484092845,1006.3881219868193,0,0
22.4,9.795572,-1.318702,0.64083487,1006.3907,6.170359818861518,1006.3886467720006,0,0
22.42,9.699997,-1.0803748,0.56982076,1006.3982,6.1490995859001565,1006.3891448638077,0,0
22.44,9.661781,-0.8706468,0.5508851,1006.4237,6.128372773490107,1006.3897093762188,0,0
22.46,9.642684,-0.85634774,0.39938623,1006.4208,6.108134357509455,1006.3903201056308,0,0
22.48,9.843457,-0.7753167,0.65031165,1006.4261,6.088829478314168,1006.3909885537587,0,0
22.5,9.895228,-0.6942655,0.6549722,1006.4033,6.070514200203888,1006.3916235157317,0,0
22.52,9.632329,-0.8277288,0.88222265,1006.40576,6.052654663051933,1006.3922354594736,0,0
22.54,9.756594,-0.7800630000000001,0.8822216,1006.4208,6.0355103023169026,1006.3928790053102,0,0
22.56,9.627529,-0.6751984999999999,0.90589285,1006.42584,6.018781473961936,1006.3935663019922,0,0
22.58,9.952545,-0.39873797,0.5413427,1006.41565,6.003065392291059,1006.3942530986533,0,0
22.6,9.83782,-0.54173446,0.43245053,1006.4259,5.9880658462957586,1006.394973881028,0,0
22.62,9.751775,-0.8515603999999999,0.80173326,1006.4179,5.973669151795291,1006.3956932983624,0,0
22.64,9.976415,-0.5465005000000001,0.5839496,1006.4259,5.960245138622872,1006.3964377196452,0,0
22.66,9.61792,-0.77529496,0.6596991999999999,1006.40283,5.947028929719982,1006.3971185024997,0,0
22.68,9.852119,-0.4416358,0.49399415,1006.42554,5.9344652905803885,1006.3978223596208,0,0
22.7,9.971605,-0.3701372000000001,0.63129103,1006.41034,5.922781313214876,1006.3984893512787,0,0
22.72,9.737385,-0.4845342000000001,0.5460708000000001,1006.41547,5.911430914355438,1006.3991398354428,0,0
22.74,10.229693,0.0493204,0.6502266999999999,1006.448,5.901425723132948,1006.3998904998424,0,0
22.76,9.737366,-0.2557391,0.86800855,1006.4126,5.8916659425581965,1006.4005995411068,0,0
22.78,9.455347,-0.44163448,0.9532268,1006.3829,5.88160570559932,1006.4011623316197,0,0
22.8,9.656088,0.054087676,0.23359634,1006.4254,5.871618688369856,1006.4017468689236,0,0
22.82,9.402749,-0.54649824,0.47978452,1006.4254,5.861257943382246,1006.4023485173567,0,0
22.84,9.737325,0.044555023,0.285673,1006.4427,5.851250230221837,1006.4030253992502,0,0
22.86,9.5987,-0.2891037,0.7307060999999999,1006.4552,5.841360182426323,1006.4038113206536,0,0
22.88,9.474415,-0.44163328,0.60761064,1006.4097,5.831346433751798,1006.4045269600516,0,0
22.9,9.799433,-0.2843367,0.3093423,1006.3974,5.8218918907542685,1006.4051336419673,0,0
22.92,9.923697,-0.34153515,0.54606164,1006.42,5.813248458814707,1006.4057232249968,0,0
22.94,9.765953,-0.5607965,0.69282717,1006.4377,5.805065950553306,1006.4063592969516,0,0
22.96,9.813742,-0.31770188,0.3708868,1006.4018,5.797360368085271,1006.406904916662,0,0
22.98,10.047942,-0.036474794,0.31407312,1006.4072,5.7905758106581295,1006.407388088538,0,0
23.0,9.83297,-0.46070123,0.71650827,1006.46027,5.784248894416988,1006.4080053940892,0,0
23.02,9.694349,-0.5989312,1.000572,1006.3893,5.7781297144510075,1006.4084835058552,0,0
23.04,9.689565,-0.7562274999999999,1.076322,1006.417,5.772245659770016,1006.4089366247904,0,0
23.06,9.737358,-0.70379525,0.94375825,1006.42706,5.766652529756956,1006.4094022448326,0,0
23.08,9.761251,-0.7276279,0.82539773,1006.40924,5.761367362860688,1006.4098130826204,0,0
23.1,9.746906,-0.8896907,0.962695,1006.43475,5.756397420717755,1006.4102658717925,0,0
23.12,9.675205,-0.9802552,0.9579601,1006.4169,5.751593265122281,1006.4106898391659,0,0
23.14,9.703879,-1.1184851999999998,1.0952574,1006.43726,5.747072470758629,1006.4111601093164,0,0
23.16,9.837708,-1.0755860000000002,1.0999913,1006.40686,5.743084247519219,1006.411560159628,0,0
23.18,9.732548,-1.1566174,1.019506,1006.384,5.739366128530871,1006.4118144275084,0,0
23.2,9.593928,-1.1804501,1.1094592,1006.4346,5.735641962812675,1006.4121211266687,0,0
23.22,9.613043,-1.275781,1.1189275,1006.40656,5.7319922301175845,1006.4123721059905,0,0
23.24,9.727753,-1.1852163,1.2041463,1006.414,5.728653615745486,1006.4125997317377,0,0
23.26,9.67039,-1.1899828,1.4219285,1006.4215,5.725546115570675,1006.4128329028135,0,0
23.28,9.613028,-1.2471813,1.4456002,1006.42395,5.722558926529713,1006.4130789543264,0,0
23.3,9.718179,-1.3186795,1.4976782,1006.4169,5.71993851110878,1006.4133101212072,0,0
23.32,9.584339,-1.2328813,1.4550678999999995,1006.41156,5.717342563281642,1006.4135080798268,0,0
23.34,9.66559,-1.2328813,1.507146,1006.43616,5.714959503034184,1006.4137645429756,0,0
23.36,9.608229,-1.3663448,1.4598014,1006.4136,5.712678139585966,1006.4139905614594,0,0
23.38,9.632122,-1.3949438,1.3603785,1006.42163,5.7105221807716795,1006.4142177733704,0,0
23.4,9.598658,-1.3901771,1.3082996999999998,1006.42365,5.708400461258885,1006.4144524938307,0,0
23.42,9.66079,-1.3711109,1.4598,1006.43616,5.7064819716471655,1006.4147380398517,0,0
23.44,9.617767,-1.4950413,1.4692684,1006.4341,5.704702879198412,1006.4150600513724,0,0
23.46,9.550845,-1.4140097,1.3651111,1006.45374,5.702860972060994,1006.4154838285672,0,0
23.48,9.646436,-1.3901767,1.4266579,1006.4186,5.701175916551232,1006.4158694963136,0,0
23.5,9.552147,-1.3473098,1.559341,1006.43115,5.69947330974105,1006.4162652821474,0,0
23.52,9.652567,-1.4426421,1.5120009,1006.42865,5.697978087741793,1006.4166595834946,0,0
23.54,9.600037,-1.423577,1.59249,1006.4261,5.6965854380161245,1006.4170419736644,0,0
23.56,9.585744,-1.3520796999999998,1.4551965,1006.42865,5.695194055245391,1006.4174216425133,0,0
23.58,9.547549,-1.4426454,1.365247,1006.4183,5.693731008992933,1006.4177602799948,0,0
23.6,9.638411,-1.5141448999999998,1.5262207,1006.4183,5.6924661922552,1006.418061443066,0,0
23.62,9.648016,-1.3806825,1.549897,1006.4053,5.69136758108012,1006.4182816095604,0,0
23.64,9.600267,-1.3473177,1.4694167,1006.4109,5.6902873992401615,1006.4184495748802,0,0
23.66,9.394784,-1.4807825,1.5546403,1006.4158,5.688878024950864,1006.4185884505677,0,0
23.68,9.562121,-1.356853,1.5877851,1006.41815,5.687495795889005,1006.4187095827028,0,0
23.7,9.595623,-1.3282548,1.5215075,1006.42816,5.686180606344771,1006.4188506365596,0,0
23.72,9.590893,-1.3425556,1.8197796,1006.42566,5.685029194543714,1006.418999785456,0,0
23.74,9.562262,-1.3806893999999998,1.5925323999999998,1006.436,5.6838975729070045,1006.419192774193,0,0
23.76,9.533627,-1.3759238,1.5073172,1006.4053,5.6826998587317625,1006.419313285054,0,0
23.78,9.610147,-1.3663918,1.4457741000000002,1006.4206,5.6815816027778,1006.4194244006247,0,0
23.8,9.610195,-1.4045253999999998,1.5452007,1006.42816,5.680580315058425,1006.4195540305006,0,0
23.82,9.658042,-1.3473278,1.4505172,1006.4382,5.679736738231144,1006.4197356969493,0,0
23.84,9.677205,-1.4188273999999998,1.5736158000000002,1006.41254,5.679134458870371,1006.4198703129144,0,0
23.86,9.457382,-1.4378948,1.5688858,1006.42786,5.678305720792122,1006.4200180224544,0,0
23.88,9.538682,-1.4283627,1.5215456,1006.4228,5.677426287174258,1006.4201585537232,0,0
23.9,9.557848,-1.4045311000000005,1.6067692,1006.392,5.676565280315232,1006.4201813563587,0,0
23.92,9.610473,-1.3997656,1.5736327,1006.42255,5.675817879503112,1006.4202100318847,0,0
23.94,9.615299,-1.3044356,1.4789488000000002,1006.40497,5.675125535870165,1006.4201805054648,0,0
23.96,9.605784,-1.3854681999999998,1.4600153,1006.43005,5.674482155868242,1006.4201899461003,0,0
23.98,9.505451,-1.4045357,1.5452386,1006.40247,5.6737133527621815,1006.4201344960401,0,0
24.0,9.582107,-1.4426723999999995,1.5925989,1006.415,5.673019373874115,1006.4200670161812,0,0
24.02,9.625177,-1.3950081,1.630479,1006.41754,5.672479979721061,1006.4199982937192,0,0
24.04,9.59177,-1.4236088,1.5547333,1006.4122,5.671994359457022,1006.4199094966943,0,0
24.06,9.606158,-1.390244,1.4647839,1006.407,5.671548553500973,1006.4197845614557,0,0
24.08,9.60143,-1.4093114,1.5310705,1006.4275,5.671156586305982,1006.4197019442572,0,0
24.1,9.591924,-1.4712781,1.587888,1006.412,5.670831921545223,1006.419601216701,0,0
24.12,9.601534,-1.3759482,1.5074079,1006.40936,5.6705323433589685,1006.4194753454526,0,0
24.14,9.568125,-1.4617474,1.4884747,1006.4148,5.670207921236421,1006.4193472943738,0,0
24.16,9.48214,-1.4855813999999998,1.5263547,1006.43207,5.669707870245566,1006.4192799501808,0,0
24.18,9.611247,-1.4093178999999998,1.4790155,1006.4145,5.6692779768767485,1006.4192032370313,0,0
24.2,9.549162,-1.3664201,1.6352555,1006.43475,5.6688244910728764,1006.4191914216387,0,0
24.22,9.61613,-1.3378219999999998,1.4979626,1006.41956,5.668434044799732,1006.4191823084404,0,0
24.24,9.649638,-1.2710913,1.426951,1006.42694,5.668128589696558,1006.4192021837076,0,0
24.26,9.59233,-1.38549,1.5595188,1006.41925,5.667856723864009,1006.4192199176324,0,0
24.28,9.611501,-1.4236236999999998,1.5831956,1006.4324,5.6676736263264,1006.4192830356253,0,0
24.3,9.578094,-1.4093252,1.5689971,1006.42413,5.667492804663848,1006.419356255755,0,0
24.32,9.578146,-1.3378283000000002,1.512189,1006.414,5.667275352946291,1006.4194016705412,0,0
24.34,9.492161,-1.366429,1.5453344999999998,1006.4317,5.66687060399537,1006.4194860730324,0,0
24.36,9.516109,-1.409329,1.5311358,1006.4191,5.666358504298477,1006.4195592612103,0,0
24.38,9.53528,-1.3902639,1.7394543999999998,1006.4064,5.665859076400187,1006.4195765569444,0,0
24.4,9.540112,-1.3664325000000002,1.6684431,1006.4141,5.665349756433447,1006.4195721238497,0,0
24.42,9.568843,-1.4283991000000005,1.7820735,1006.3862,5.664951581849035,1006.4194480671214,0,0
24.44,9.544992,-1.3569018999999998,1.488545,1006.4137,5.6644817202686975,1006.4193177575547,0,0
24.46,9.535489,-1.5523322,1.4790812,1006.4059,5.663988431671159,1006.4191543120944,0,0
24.48,9.4495,-1.6047653999999998,1.6495241000000005,1006.391,5.663376692588778,1006.418908536162,0,0
24.5,9.4817,-1.5094033000000002,1.3748136,1006.3981,5.66260704442445,1006.4186164578184,0,0
24.52,9.591636,-1.5189365,1.4695016,1006.40125,5.661955649081555,1006.4182958581453,0,0
24.54,9.73025,-1.3378074,1.5405177,1006.4134,5.661660815102953,1006.417994951185,0,0
24.56,9.787608,-1.352107,1.5452521,1006.383,5.661804309335588,1006.4176030879706,0,0
24.58,9.945341,-1.2329431999999998,1.4884392,1006.4081,5.662606339336628,1006.4172226265176,0,0
24.6,9.754149,-1.2472428,1.4363608,1006.3981,5.663585200246303,1006.4168176093224,0,0
24.62,9.328747,-1.5380027,1.6210026000000002,1006.41064,5.663999129872089,1006.4164374967347,0,0
24.64,9.429123,-1.5761352,2.0376303,1006.4136,5.6642907859994684,1006.4160914142647,0,0
24.66,9.620315,-1.4188386999999998,1.8293164,1006.40356,5.664723306217313,1006.4157405027023,0,0
24.68,9.787608,-1.2806087,1.871926,1006.3932,5.665594684230393,1006.4153492914363,0,0
24.7,9.605975,-1.5189365,1.8577229,1006.4006,5.666547676910671,1006.4149505197124,0,0
24.72,9.558177,-1.5380027,1.5736584999999998,1006.4006,5.667376110743903,1006.4145465031462,0,0
24.74,9.567737,-1.5666021,1.3180007,1006.3777,5.668041892509049,1006.4140568666968,0,0
24.76,9.50082,-1.5666021,1.4647671,1006.4078,5.6684691978830575,1006.4136016992104,0,0
24.78,9.510379,-1.6524001,1.3748136,1006.4128,5.668705840190875,1006.413196627102,0,0
24.8,9.510379,-1.5618355,1.4884392,1006.4028,5.6687768101385485,1006.4128012775294,0,0
24.82,9.639434,-1.4045391,1.673081,1006.4103,5.668975132484478,1006.4124429420481,0,0
24.84,9.74459,-1.2949083,1.7014874,1006.38275,5.669477651414405,1006.4120194222252,0,0
24.86,9.615535,-1.3378074,1.5073769,1006.4304,5.6699313579143045,1006.41171137019,0,0
24.88,9.629874,-1.4236053999999998,1.5689242,1006.40247,5.6704144465743695,1006.4114059064784,0,0
24.9,9.749369,-1.3997725,1.355876,1006.43286,5.6710923509342575,1006.4112132334801,0,0
24.92,9.711131,-1.3711733,1.4884392,1006.3874,5.671893248150097,1006.410957259978,0,0
24.94,9.663333,-1.4474381,1.3890167,1006.3872,5.672695203983013,1006.4106455556557,0,0
24.96,9.510379,-1.5904348999999998,1.4126887,1006.43256,5.673237506704204,1006.4104490257164,0,0
24.98,9.505599,-1.5904348999999998,1.3274695,1006.42755,5.6735138034908665,1006.410336935369,0,0
25.0,9.644468,-1.5284759,1.3795712,1006.42035,5.673830668567804,1006.4102739393708,0,0
25.02,9.630139,-1.4665108999999998,1.3748379,1006.43256,5.67413214294344,1006.4102985059253,0,0
25.04,9.725745,-1.156685,1.3132913999999998,1006.42505,5.6745108799551165,1006.4103733183113,0,0
25.06,9.692297,-1.061354,1.3843086000000002,1006.415,5.674886008065985,1006.4104560785896,0,0
25.08,9.60149,-1.3187483999999998,1.3748405,1006.4098,5.675133232503178,1006.4105268436888,0,0
25.1,9.539362,-1.3425813999999998,1.1665276000000002,1006.41754,5.675090063304696,1006.4106146190927,0,0
25.12,9.424658,-1.7811047999999998,1.2091382,1006.42957,5.67471489814954,1006.4107604168112,0,0
25.14,9.482026,-1.5237111,1.0008254,1006.40497,5.6740233834345455,1006.4108683981748,0,0
25.16,9.620649,-1.5618438,1.2659528,1006.42957,5.6734139741796525,1006.411031136274,0,0
25.18,9.634998,-1.4140807,1.1191871,1006.39685,5.672824940165068,1006.411123879568,0,0
25.2,9.611112,-1.3807151000000002,1.2138761999999998,1006.41754,5.672220796523732,1006.4112289255763,0,0
25.22,9.582441,-1.2043529,1.0813137,1006.42706,5.671465822995027,1006.4113787360968,0,0
25.24,9.701945,-1.3139838,1.0292363000000002,1006.4198,5.670842801033354,1006.4115414252228,0,0
25.26,9.6828375,-1.4045486,1.2044102,1006.39435,5.670366789772576,1006.411623288204,0,0
25.28,9.874039,-1.4712806,1.1191918,1006.41205,5.670412235052187,1006.4116971584964,0,0
25.3,9.926628,-1.4903471,0.89194137,1006.38916,5.670984455702891,1006.4116812965165,0,0
25.32,9.864499,-1.4236156,0.91087985,1006.4045,5.671876247096429,1006.4116414282033,0,0
25.34,9.721116,-1.2996854,0.59841007,1006.4119,5.672668129935004,1006.4116071314204,0,0
25.36,9.338741,-1.6333445,0.8209280999999999,1006.41425,5.672724819382862,1006.4115863411096,0,0
25.38,9.290954,-1.9145715,1.1286652,1006.42706,5.672208800164553,1006.4116236759633,0,0
25.4,9.348321,-1.881206,1.3937926,1006.39667,5.671363122587618,1006.4116028318064,0,0
25.42,8.989844999999997,-1.7572757,1.270699,1006.3891,5.6694199639494585,1006.4115034037152,0,0
25.44,9.534754,-1.6953107,1.1665431,1006.40686,5.667567016024827,1006.4113988327999,0,0
25.46,9.907587,-1.2472546,1.3511858,1006.41974,5.666470717528334,1006.4113364621413,0,0
25.48,10.036653,-0.92312914,1.1334043,1006.39417,5.666183613105887,1006.4112195521637,0,0
25.5,9.964582,-0.72292453,0.8966499,1006.42706,5.666380556767657,1006.4111732761197,0,0
25.52,9.840302,-1.0804162,0.8777118,1006.38916,5.666811913526589,1006.4110531388127,0,0
25.54,9.787721,-1.3664094999999998,1.2091197,1006.4119,5.667486382928482,1006.4109500341893,0,0
25.56,9.453129,-1.4522072,1.1901815,1006.40424,5.667711173113937,1006.4108347748204,0,0
25.58,9.677774,-1.2281791000000002,1.270666,1006.39166,5.667953522588624,1006.4106639024527,0,0
25.6,9.672989,-1.32351,1.3085407,1006.39166,5.668236732799486,1006.41044450558,0,0
25.62,9.735122,-1.3378097,1.1807113,1006.3891,5.668652462891222,1006.4101738062833,0,0
25.64,9.510466,-1.2710776,1.2043828,1006.4144,5.668712041274787,1006.4099498306816,0,0
25.66,9.720772,-1.147147,1.0954912,1006.4145,5.668828785615295,1006.4097683064498,0,0
25.68,9.816364,-0.97555107,1.4411023,1006.40424,5.669245222523693,1006.4095880097354,0,0
25.7,9.634727,-1.3330426000000002,1.4789771,1006.4092,5.669652446346557,1006.4094273027237,0,0
25.72,9.386171,-1.2758439,1.2611939,1006.402,5.669463452062386,1006.4092585637179,0,0
25.74,9.290571,-1.5523038999999998,1.336944,1006.41675,5.668660383153089,1006.4091364351033,0,0
25.76,9.41962,-1.5332377,1.166505,1006.41425,5.667527212972617,1006.4090469310927,0,0
25.78,9.467413,-1.28061,1.2091141,1006.4145,5.666138093423706,1006.4089874763974,0,0
25.8,9.754197,-1.2567772,1.3274739,1006.40674,5.665139244033365,1006.4089268513136,0,0
25.82,9.811548,-1.213878,1.4268959,1006.39374,5.664623477920937,1006.4088186103246,0,0
25.84,9.725508,-1.1805121,1.2280504,1006.39374,5.664296915274062,1006.4086686855896,0,0
25.86,9.6872635,-1.2424772,1.100221,1006.39667,5.664044826969062,1006.4084930168256,0,0
25.88,9.586884,-1.3425746,1.1996428999999995,1006.42377,5.663705838507737,1006.4083927930452,0,0
25.9,9.577318,-1.4379058,1.3842844,1006.4089,5.663350736574213,1006.4083060612578,0,0
25.92,9.625112,-1.5237035,1.3700807,1006.4017,5.663102648832068,1006.4082056432303,0,0
25.94,9.601208,-1.3139749,1.1522975,1006.4117,5.662779909251608,1006.4081294935452,0,0
25.96,9.649001,-1.161445,1.3890175,1006.40375,5.662513832947807,1006.4080464415064,0,0
25.98,9.720694,-1.1805111,1.4884394,1006.39343,5.662479986796567,1006.4079204375356,0,0
26.0,9.707114,-1.0661323,1.4790401000000002,1006.40137,5.662593809496339,1006.4077855188524,0,0
26.02,9.683242,-1.1233316999999998,1.4411675,1006.4212,5.662790484393144,1006.4077145968356,0,0
26.04,9.645025,-1.2091303,1.5027168,1006.4117,5.663021937862959,1006.4076662775932,0,0
26.06,9.559016,-1.4569919,1.5074537,1006.44183,5.6631798397310815,1006.407746572111,0,0
26.08,9.6259575,-1.4474593,1.450643,1006.39374,5.6633874511784645,1006.4077670966873,0,0
26.1,9.630762,-1.242498,1.2896755,1006.41895,5.663542989857154,1006.4078254906552,0,0
26.12,9.539971,-1.2234324,1.31335,1006.4063,5.6634680254785845,1006.4078715957984,0,0
26.14,9.66427,-1.1757673999999998,1.3654305,1006.40375,5.6634462695005965,1006.4078974965583,0,0
26.16,9.645176,-1.2567996,1.507465,1006.42377,5.663496589325137,1006.407977523482,0,0
26.18,9.616522,-1.2377338,1.4269825,1006.39825,5.663521992436874,1006.4080132161876,0,0
26.2,9.630887,-1.2234348,1.4127815,1006.40137,5.6635465874876285,1006.4080208386836,0,0
26.22,9.540096,-1.2520348,1.450659,1006.3981,5.6634043159001015,1006.4079918589019,0,0
26.24,9.716975,-1.1519378,1.2944261,1006.42896,5.663405306755316,1006.4080417376747,0,0
26.26,9.621403,-1.1996038999999998,1.4648666,1006.4083,5.663399167657692,1006.408086740303,0,0
26.28,9.645327,-1.2520366000000005,1.4364628000000002,1006.3909,5.663440419631723,1006.4080646323604,0,0
26.3,9.654911,-1.1757723,1.3749177,1006.4081,5.663505081265789,1006.4080452251053,0,0
26.32,9.621477,-1.1805395,1.3323102,1006.42596,5.663510841378857,1006.4080925700445,0,0
26.34,9.568925,-1.3712025,1.488548,1006.4031,5.663455904419304,1006.4081164307806,0,0
26.36,9.654985,-1.2043736,1.37019,1006.40576,5.6634414971475975,1006.4081290309764,0,0
26.38,9.683689,-1.2425065,1.3843956,1006.40826,5.663535542066391,1006.4081406359976,0,0
26.4,9.602458,-1.2997059,1.4080700000000002,1006.4109,5.663581759677958,1006.4081608239047,0,0
26.42,9.621603,-1.261574,1.4175411,1006.39325,5.663617062604216,1006.4081249829736,0,0
26.44,9.4734535,-1.3569057,1.379668,1006.4106,5.663356028412854,1006.4081022239881,0,0
26.46,9.459141,-1.3569064,1.4932961,1006.41565,5.662840052412967,1006.408109286142,0,0
26.48,9.583438,-1.3378409,1.6211272,1006.40826,5.662390162125236,1006.4081160688312,0,0
26.5,9.668958,-1.2234309,1.4601101,1006.4257,5.6620908907055725,1006.4081853641676,0,0
26.52,9.683301,-1.2138978,1.3464848,1006.40826,5.661918973613397,1006.4082468622156,0,0
26.54,9.668965,-1.3425947,1.1523745,1006.40576,5.661814427560067,1006.4082922491873,0,0
26.56,9.568592,-1.471292,1.2849381000000002,1006.41565,5.6616376581943095,1006.4083588410181,0,0
26.58,9.492119,-1.3759611,1.4269707,1006.42334,5.661254193936357,1006.408471613732,0,0
26.6,9.5925,-1.4903585,1.5358623,1006.4585,5.660962652984186,1006.4087513618927,0,0
26.62,9.65464,-1.194832,1.4269714,1006.4131,5.660761826118263,1006.4090142024647,0,0
26.64,9.664204,-1.2853967,1.6163478999999998,1006.42834,5.660745798192313,1006.4093160212656,0,0
26.66,9.778922,-1.013703,1.3228152,1006.388,5.660971110927616,1006.409505970681,0,0
26.68,9.67377,-1.4760591,1.5216606,1006.3854,5.661374394774074,1006.40958702849,0,0
26.7,9.597298,-1.3616619,1.3701598999999998,1006.41046,5.661697442714027,1006.4096617938676,0,0
26.72,9.731136,-1.5904566,1.3748946000000002,1006.40546,5.6622931995408665,1006.4097127300972,0,0
26.74,9.621204,-1.6142894,1.2991444,1006.43304,5.662891177854898,1006.4098417155217,0,0
26.76,9.520833,-1.6953211,1.2470663,1006.42303,5.663299528517449,1006.4100031648663,0,0
26.78,9.482597,-1.7334536,1.3748957,1006.43304,5.663511049153144,1006.4102287541142,0,0
26.8,9.334428,-1.9288824,1.5027249,1006.398,5.663365145144778,1006.4103840612587,0,0
26.82,9.425247,-1.6953213,1.6021478,1006.3904,5.6630291281225835,1006.4104493480307,0,0
26.84,9.582984,-1.4283943,1.6494921000000002,1006.3925,5.662772975769914,1006.4104424177699,0,0
26.86,9.936694,-1.0232370000000002,1.4317098999999998,1006.42554,5.663135067002447,1006.4104906454874,0,0
26.88,10.041853,-0.9708051,1.5216638,1006.42804,5.66427380612945,1006.4105964371747,0,0
26.9,9.764627,-1.3568962,1.5311329,1006.42303,5.665624680705736,1006.410734675536,0,0
26.92,9.735952,-1.3854955,1.1855216999999998,1006.37256,5.667009723700668,1006.4107193941196,0,0
26.94,9.482627,-1.5427921,1.3133511999999998,1006.40265,5.667986452583188,1006.4106768416417,0,0
26.96,9.396595,-1.7382212,1.4790556,1006.42053,5.668543039149692,1006.4106747136424,0,0
26.98,9.473075,-1.8192525,1.6068848,1006.4327,5.668953573617732,1006.4107521243727,0,0
27.0,9.602228,-1.7096243000000002,1.3985802,1006.4327,5.6693871665599564,1006.4108995368463,0,0
27.02,9.587897,-1.7906558999999995,1.516941,1006.39734,5.669876845415485,1006.4109809761757,0,0
27.04,9.607025,-1.7763563000000002,1.0340325,1006.4176,5.6703176812307525,1006.4110767644528,0,0
27.06,9.540113,-1.8859873,1.2234093,1006.3897,5.670665886652255,1006.411084446622,0,0
27.08,9.554461,-1.7811233,1.1523939,1006.4173,5.670901355183076,1006.4111136105793,0,0
27.1,9.53057,-1.6524265,1.2802235,1006.407,5.6709739484112935,1006.4111245708535,0,0
27.12,9.468439,-1.64766,1.4269907,1006.4048,5.670817101351036,1006.4111114868973,0,0
27.14,9.430209,-1.5284963,1.5074763,1006.42804,5.670365374390899,1006.4111608685602,0,0
27.16,9.635747,-1.4760643,1.7489316000000004,1006.402,5.67013756365747,1006.4111715230707,0,0
27.18,9.630975,-1.4188658,1.6305722,1006.4098,5.670039313885495,1006.4111759999132,0,0
27.2,9.597524,-1.3187684,1.4175246,1006.3819,5.6698902848967805,1006.4110745620517,0,0
27.22,9.587972,-1.4855981000000005,1.3985877,1006.3873,5.669721456067872,1006.410899343134,0,0
27.24,9.587979,-1.5189642,1.2423531,1006.3922,5.669502612755313,1006.4106772020626,0,0
27.26,9.578428,-1.5952291,1.3749171,1006.39233,5.669282943792028,1006.4104148682848,0,0
27.28,9.583215,-1.5856963,1.3607146,1006.3993,5.669065725573763,1006.4101430566327,0,0
27.3,9.597562,-1.5618638,1.4790754,1006.3818,5.668908197890282,1006.4098008488533,0,0
27.32,9.611909,-1.5189648999999998,1.4033254,1006.3872,5.668796063621875,1006.4094171110034,0,0
27.34,9.564118,-1.5237315,1.3938574,1006.42236,5.6686260713674335,1006.4091246346396,0,0
27.36,9.592804,-1.5284983,1.4080613000000002,1006.3819,5.668469606343041,1006.40876819384,0,0
27.38,9.6214905,-1.566631,1.4696093,1006.4299,5.6684150693852855,1006.4085293172516,0,0
27.4,9.626278999999998,-1.4570004,1.2897024,1006.3793,5.668373086784812,1006.4082130203557,0,0
27.42,9.611947,-1.6047637,1.4222666000000002,1006.36646,5.668399009496344,1006.4077832295453,0,0
27.44,9.602394,-1.3950355,1.3323135,1006.3944,5.668372625699856,1006.4073552867592,0,0
27.46,9.583282,-1.628597,1.4364712,1006.41455,5.6683666361980665,1006.4070030574808,0,0
27.48,9.549832,-1.4570011,1.4554094,1006.3866,5.668260453729199,1006.4066183766832,0,0
27.5,9.621377,-1.4236315000000002,1.4553956,1006.39417,5.668201349449701,1006.4062336585747,0,0
27.52,9.57358,-1.5713947,1.4743333,1006.3766,5.66813968633362,1006.4057870404832,0,0
27.54,9.621379,-1.5189626,1.4317236999999998,1006.4217,5.668142767244923,1006.4054496953917,0,0
27.56,9.544904,-1.547562,1.4269896,1006.3891,5.66805562339472,1006.4050927583653,0,0
27.58,9.587922,-1.5761615,1.408052,1006.4192,5.667980166431242,1006.4048281548787,0,0
27.6,9.568804,-1.5284958,1.4695994,1006.39905,5.667879593629046,1006.4045735498804,0,0
27.62,9.640504,-1.4522309,1.3891146,1006.4116,5.667854498723853,1006.4043738761244,0,0
27.64,9.626165,-1.5761615,1.4175212,1006.39905,5.6679150436042205,1006.4041782784396,0,0
27.66,9.583147,-1.5856947,1.4222556,1006.4214,5.6679683465195225,1006.4040674465227,0,0
27.68,9.640508,-1.5332626,1.4885375,1006.39404,5.668134551481487,1006.4039334166335,0,0
27.7,9.554471,-1.5666285,1.445928,1006.4191,5.668223074920872,1006.4038695875237,0,0
27.72,9.559253,-1.4855971,1.4459281000000002,1006.42664,5.668226080898792,1006.4038951616072,0,0
27.74,9.635731,-1.5046633,1.4648658,1006.38367,5.668320706146367,1006.4038449482857,0,0
27.76,9.602273,-1.4903636999999998,1.3607088,1006.41394,5.668392329021584,1006.4038369219808,0,0
27.78,9.578376,-1.6142942,1.5595542,1006.4164,5.668497005619629,1006.4038750570185,0,0
27.8,9.607056,-1.5237296,1.4175221000000002,1006.37866,5.668613941649853,1006.4038179789328,0,0
27.82,9.621397,-1.3997991,1.4080533000000002,1006.39886,5.668729305907982,1006.4037496960119,0,0
27.84,9.683536,-1.4903636999999998,1.4175222,1006.39886,5.668999679446876,1006.4036717583174,0,0
27.86,9.645297,-1.4665309,1.3512406,1006.4084,5.6693015268969456,1006.4036199142406,0,0
27.88,9.544924,-1.576162,1.4553976,1006.3832,5.669492438807932,1006.4035005931233,0,0
27.9,9.607062,-1.5570956,1.4743354,1006.4034,5.669710218731518,1006.4033947988485,0,0
27.92,9.640522,-1.6142944,1.5169451,1006.4114,5.67005131017411,1006.4033301377514,0,0
27.94,9.798257,-1.5380294,1.4601325,1006.4084,5.670777368754934,1006.40329125471,0,0
27.96,9.774359,-1.4760643,1.4790702,1006.41583,5.671778799125116,1006.403302037138,0,0
27.98,9.75524,-1.4379318,1.3038974,1006.43097,5.67291863389537,1006.4034111691574,0,0
28.0,9.750972,-1.5046761999999998,1.3702259,1006.4189,5.674206991381397,1006.4035633580008,0,0
28.02,9.750994,-1.5571089,1.5311975,1006.444,5.675687362212857,1006.4038434039743,0,0
28.04,9.84183,-1.4760778,1.5122617,1006.4186,5.677485041509309,1006.404143976342,0,0
28.06,9.822733,-1.566643,1.573811,1006.4186,5.67956590999961,1006.4044616037712,0,0
28.08,9.884891,-1.5189779,1.5027969,1006.396,5.6819780142738034,1006.404711797594,0,0
28.1,9.947051,-1.5332781999999998,1.3797044,1006.41327,5.6847686047011745,1006.4049636783844,0,0
28.12,9.918392,-1.6000105,1.4838631000000002,1006.4008,5.6878772392244565,1006.4051712510087,0,0
28.14,9.98533,-1.4617808,1.4791306,1006.40076,5.691347100931674,1006.405338781676,0,0
28.16,9.927995,-1.5475794,1.5264767,1006.4236,5.695047993114567,1006.4055525521595,0,0
28.18,9.966254,-1.5523463,1.4459938,1006.3908,5.69899450724288,1006.4056883305713,0,0
28.2,10.028413,-1.5761797,1.4933397,1006.42334,5.7032918841720806,1006.4058718503854,0,0
28.22,10.100131,-1.504682,1.4696697,1006.3857,5.7080002900676545,1006.405961389832,0,0
28.24,10.095373,-1.5714142,1.4649371,1006.4183,5.713064528093921,1006.4060849258832,0,0
28.26,10.085834,-1.547582,1.4554702,1006.3831,5.7183952765713535,1006.4061113366054,1,3
28.28,10.147992,-1.4999169,1.5170195,1006.39856,5.724072536352983,1006.4061074883076,1,3
28.3,10.119334,-1.5666492,1.4507397,1006.3782,5.729978045960313,1006.4060036209936,1,3
28.32,10.071557,-1.595249,1.5217578,1006.398,5.735997239112848,1006.4058830307996,1,3
28.34,10.257992,-1.6143157,1.5312285,1006.36584,5.742482829476192,1006.4056323223932,1,3
28.36,10.272353,-1.5952502,1.5643713,1006.3755,5.7493904451842806,1006.4053023200847,1,3
28.38,10.253255,-1.5857173999999998,1.5217637,1006.3807,5.756591278238784,1006.4049221616926,1,3
28.4,10.172018,-1.5809514999999998,1.5170312,1006.3656,5.7638572629274485,1006.4044446939553,1,3
28.42,10.1816,-1.5189868,1.4081417,1006.3604,5.771123116636933,1006.4038642425644,1,3
28.44,10.1577215,-1.5380535,1.5407071,1006.388,5.778359049524722,1006.403294244442,1,3
28.46,10.172081,-1.6047858,1.5170368,1006.3729,5.785585396261348,1006.402681174821,1,3
28.48,10.157764,-1.6572185,1.5833207,1006.3629,5.792785790115987,1006.4019962542748,1,3
28.5,10.1620245,-1.5666411,1.4696473,1006.3629,5.799882122946154,1006.4012503119644,1,3
28.52,10.176364,-1.5618746,1.4933193,1006.34534,5.8068956388944235,1006.4003899202162,1,3
28.54,10.209823,-1.5809407,1.4696473,1006.34296,5.813877742915907,1006.3994229303543,1,3
28.56,10.123786,-1.5904739,1.488585,1006.3279,5.8206406883005615,1006.3983110155636,1,3
28.58,10.157244,-1.6762718999999997,1.6116796,1006.36584,5.827319743930834,1006.3972116319984,1,3
28.6,10.219381,-1.5475749,1.535929,1006.3554,5.8339616619006325,1006.3960896948047,1,3
28.62,10.152465,-1.6429061000000005,1.5122569,1006.3632,5.840434058537152,1006.394979948199,1,3
28.64,10.181144,-1.6095401000000005,1.4933193,1006.34296,5.8467750846937525,1006.3938121042848,1,3
28.66,10.104667,-1.6047735,1.5027882,1006.3178,5.852823159271318,1006.3925065538267,1,3
28.68,10.214602,-1.6429061000000005,1.6211482,1006.34546,5.8588629730998925,1006.3911836018484,1,3
28.7,10.257621,-1.5285087,1.4696473,1006.3329,5.864878669477786,1006.3898048205133,1,3
28.72,10.171583,-1.7382373,1.5974761,1006.3078,5.870783778990287,1006.388291311972,1,3
28.74,10.075988,-1.5714077,1.52646,1006.3279,5.876298551212224,1006.386736567102,1,3
28.76,10.090327,-1.4903761999999998,1.4223031000000002,1006.3257,5.881421735642595,1006.3851430628932,1,3
28.78,9.894356,-1.6619723000000002,1.5880075,1006.3003,5.885888186944554,1006.3834296075478,1,3
28.8,10.052089,-1.6286063999999998,1.4649129,1006.29987,5.890028739955528,1006.3816147838174,1,3
28.82,10.02819,-1.7144043000000002,1.5880075,1006.2953,5.893884872823081,1006.3797004723475,1,3
28.84,9.970833,-1.5142089,1.5169914,1006.2953,5.897271574651784,1006.3777051450322,1,3
28.86,9.894356,-1.4808431,1.5027882,1006.2877,5.900061251105398,1006.3756180552942,1,3
28.88,9.770081,-1.6762718999999997,1.5169914,1006.2952,5.902129297837748,1006.3734843978027,1,3
28.9,9.7892,-1.6667389,1.5453976,1006.2852,5.903596685539781,1006.3712812742112,1,3
28.92,9.803539,-1.6476727,1.4838505,1006.2677,5.9045312853898615,1006.3689617016188,1,3
28.94,9.750961,-1.6572056,1.5548666000000002,1006.27264,5.9049108592355495,1006.3665653691496,1,3
28.96,9.860897,-1.6810385,1.5169914,1006.27014,5.905017465850492,1006.3641008384517,1,3
28.98,9.860897,-1.6333729,1.5027882,1006.2702,5.904861851773871,1006.3615851361079,1,3
29.0,9.885529,-1.4951608,1.3986983999999998,1006.24005,5.9044495833524095,1006.3589247350276,1,3
29.02,9.699145,-1.6429248,1.4176387,1006.2802,5.9034869610455845,1006.3562905955864,1,3
29.04,9.641818,-1.6000265,1.4271102,1006.2275,5.901913451890238,1006.3534994238324,1,3
29.06,9.646625,-1.6476928,1.5123318,1006.23004,5.8998581607262155,1006.3505886905446,1,3
29.08,9.689671,-1.5904948,1.4791938,1006.212,5.8974419964012945,1006.3475178473255,1,3
29.1,9.775738,-1.4284325,1.5691501,1006.24475,5.894867927015393,1006.3444344860068,1,3
29.12,9.723188,-1.5475972,1.4697303,1006.2275,5.892062357670783,1006.3412890637959,1,3
29.14,9.594163,-1.6095631,1.2803568,1006.24036,5.888766069329092,1006.3381464241008,1,3
29.16,9.522494,-1.5285323999999998,1.4555322,1006.197,5.884926405515063,1006.3348614605393,1,3
29.18,9.489064,-1.6381638,1.4697381,1006.2075,5.880594121421959,1006.3315003654784,1,3
29.2,9.360036,-1.5475999,1.39399,1006.20746,5.875526298112844,1006.328083956567,1,3
29.22,9.460442,-1.457036,1.5407594,1006.20245,5.870047564537796,1006.3246129354088,1,3
29.24,9.666002,-1.4808697,1.4981524,1006.20245,5.8646363446116405,1006.3211061545463,1,3
29.26,9.579995,-1.5523686,1.6165152,1006.18195,5.859191575212486,1006.3175066008199,1,3
29.28,9.699519,-1.3807733,1.5928459,1006.19495,5.853918174224953,1006.3138848313845,1,3
29.3,9.809483,-0.6848568,1.2046272,1006.1676,5.848775538403107,1006.3101580105181,1,3
29.32,9.494042,-1.1138475,1.4839593999999998,1006.17236,5.843282230397551,1006.3063689187624,1,3
29.34,9.360239,-1.6143366,1.3419302,1006.1949,5.837330692639272,1006.3026195891797,1,3
29.36,9.240773,-1.4046088,1.2141038999999998,1006.1623,5.830647925990204,1006.2988015310395,1,3
29.38,9.202562,-1.8097669,1.6828126,1006.1369,5.823557528821581,1006.2948450493553,1,3
29.4,9.489378,-1.514241,0.7596062,1006.1777,5.816362783913077,1006.290927379961,1,3
29.42,9.88613,-1.7239703000000002,1.5739264,1006.1447,5.810179599658384,1006.2869393087165,1,3
29.44,9.781004,-1.4189113000000002,1.8201182,1006.12213,5.804687163750247,1006.2828221354532,1,3
29.46,9.594621,-0.9422565,1.5502598,1006.1599,5.799232565905287,1006.2787416814706,1,3
29.48,9.374779,-1.1472191,1.6970289,1006.11475,5.793480479935187,1006.274545822278,1,3
29.5,9.522026,-1.1471963,1.450755,1006.1523,5.7877024493635885,1006.2703982761354,1,3
29.52,9.584154,-1.2854263,1.8200377,1006.1401,5.782212808680441,1006.2662644305697,1,3
29.54,9.770557,-1.318792,1.8863184,1006.1072,5.777409761338719,1006.2620391326776,1,3
29.56,9.913944,-1.2520598,1.597519,1006.1072,5.7734002766042005,1006.2577482385823,1,3
29.58,9.737081,-1.3950564,1.5028301000000002,1006.1022,5.7697552916665975,1006.2533968309012,1,3
29.6,9.531541,-1.5523525,1.4365478,1006.13245,5.766056284433165,1006.2491165184828,1,3
29.62,9.507632,-1.5094533,1.3039836,1006.1022,5.762221502544756,1006.2448055349632,1,3
29.64,9.531524,-1.6047843000000002,1.6306568,1006.10223,5.758462709106055,1006.2404830779996,1,3
29.66,9.584093,-1.6143172,1.6022495,1006.0973,5.754884400842368,1006.2361482959458,1,3
29.68,9.550627,-1.7191811999999995,1.5217638999999998,1006.09467,5.751421163657932,1006.2318087606576,1,3
29.7,9.388103,-1.7287142,1.569107,1006.0799,5.747763043237454,1006.2274274757384,1,3
29.72,9.598406,-1.6429158,1.1430098999999998,1006.0746,5.744217774677956,1006.2230059934712,1,3
29.74,9.517141,-1.6619818,1.5359646,1006.0821,5.740738539784617,1006.2185919101636,1,3
29.76,9.521913,-1.6429154,1.7490120999999998,1006.0623,5.737407337058,1006.214128975276,1,3
29.78,9.5936,-1.4045873,1.4933534,1006.0799,5.734199349025906,1006.2097023016987,1,3
29.8,9.507554,-1.5189846000000002,1.7537448,1006.0849,5.7310626107962035,1006.2053416046396,1,3
29.82,9.37849,-1.6286151000000002,1.8389633,1006.06964,5.7278095449004365,1006.2009999669414,1,3
29.84,9.507537,-1.6619807,1.4318037,1006.0648,5.724595252439787,1006.1966733759905,1,3
29.86,9.378473,-1.9241412,1.7206016,1006.0899,5.721364179626784,1006.1924660160724,1,3
29.88,9.612677,-1.633381,1.5075526,1006.0825,5.718419047045376,1006.1883525151908,1,3
29.9,9.665244,-1.6143146000000002,1.3702542,1006.03973,5.715795690418153,1006.1841827847574,1,3
29.92,9.660456,-1.585715,1.540692,1006.0673,5.713498851684192,1006.1800776329213,1,3
29.94,9.555291,-1.7859102,1.7158641,1006.0269,5.711417321554433,1006.1758988812803,1,3
29.96,9.440567,-1.657213,1.6685191,1006.0369,5.709238451473854,1006.1717061403576,1,3
29.98,9.488358,-1.7477773,1.6685183999999995,1006.0322,5.7071105725277045,1006.1674992123732,1,3
30.0,9.569732,-1.480853,1.5359658,1006.0144,5.705063439865965,1006.1632308136417,1,3
30.02,9.607966,-1.6381494,1.5264966,1006.0247,5.7032212790942864,1006.1589605455932,1,3
30.04,9.411991,-1.7620796000000003,1.6117158,1005.9973,5.701244236225435,1006.1546053587816,1,3
30.06,9.579282,-1.6381491,1.7206066999999998,1006.012,5.6994861738153695,1006.1502437364231,1,3
30.08,9.593617,-1.5809504,1.6353871000000002,1005.98926,5.697907358644191,1006.1458102654559,1,3
30.1,9.450217,-1.7144138999999998,1.5406986,1005.9671,5.696217579330621,1006.1412494935539,1,3
30.12,9.56015,-1.6572151000000002,1.4933542,1006.002,5.694622299907866,1006.1367182973244,1,3
30.14,9.5553665,-1.6619814999999998,1.6164484,1005.98193,5.693148756003202,1006.1321572944656,1,3
30.16,9.39285,-1.828811,1.8768402,1005.962,5.6916196112887,1006.1275146260796,1,3
30.18,9.660515,-1.547584,1.5880412,1005.942,5.690379777555944,1006.1227445116396,1,3
30.2,9.497997,-1.7001138,1.7821515,1005.9469,5.689193075749513,1006.1178965982788,1,3
30.22,9.483655,-1.5618834,1.711135,1005.98193,5.687954467995183,1006.1131235022792,1,3
30.24,9.512329,-1.5046848,1.5406961,1005.9594,5.686654757375256,1006.1083525900458,1,3
30.26,9.5075445,-1.5523502,1.6921968,1005.9694,5.685363671206572,1006.1036367826724,1,3
30.28,9.521882000000002,-1.5761828000000002,1.7016653000000002,1005.93445,5.684125138918929,1006.0988608228591,1,3
30.3,9.612694,-1.7620784,1.7584776999999998,1005.9092,5.6832066357892055,1006.0939580058059,1,3
30.32,9.540993,-1.7382455,1.7016646,1005.9546,5.682400450503176,1006.0891241878372,1,3
30.34,9.5266485,-1.561883,1.6259136,1005.947,5.681579172386721,1006.0843413792037,1,3
30.36,9.469288,-1.561883,1.7063982,1005.91174,5.680660130169254,1006.0794939245295,1,3
30.38,9.488403,-1.5428165,1.6211786,1005.9396,5.67966010225027,1006.0747070954517,1,3
30.4,9.454943,-1.6095482,1.734804,1005.9248,5.678587620993286,1006.0699377877347,1,3
30.42,9.469278,-1.6095482,1.668522,1005.922,5.6774598530162095,1006.0651910514,1,3
30.44,9.612668,-1.5666491000000002,1.5690992,1005.87427,5.676528690172213,1006.0603095193901,1,3
30.46,9.47405,-1.704879,1.7158653999999998,1005.91943,5.675593511975889,1006.0554890314357,1,3
30.48,9.416689,-1.6333806999999998,1.5548953,1005.8821,5.674460700858656,1006.0506054477664,1,3
30.5,9.449825,-1.6238397,1.6968981,1005.8918,5.673270341765784,1006.045718613624,1,3
30.52,9.425907,-1.6572051,1.8389283,1005.87683,5.672050508699954,1006.0407926079668,1,3
30.54,9.545386,-1.490375,1.8436612,1005.8544,5.670995735649294,1006.0357689759796,1,3
30.56,9.53103,-1.4760752,1.7347685000000002,1005.8696,5.670015878277607,1006.0307318864419,1,3
30.58,9.511896,-1.5809388999999998,1.7537048,1005.85956,5.6691081045571785,1006.0256648953354,1,3
30.6,9.554899,-1.5142068000000002,1.5785303,1005.85175,5.668270436902933,1006.0205616083704,1,3
30.62,9.449728,-1.5189728999999998,1.6590139,1005.857,5.667314153211138,1006.015463522218,1,3
30.64,9.540526,-1.5237391000000002,1.6826843999999996,1005.8494,5.666450061857207,1006.0103610246136,1,3
30.66,9.559631,-1.499906,1.6732142,1005.84467,5.665698188537703,1006.0052559700418,1,3
30.68,9.502257,-1.495139,1.8199792,1005.8392,5.664985086772344,1006.00014734233,1,3
30.7,9.545256,-1.4331733,1.6826796999999998,1005.8043,5.664325433589933,1005.9949283084517,1,3
30.72,9.49744,-1.4617723,1.8767885,1005.8269,5.663700864051572,1005.9897118682062,1,3
30.74,9.564341,-1.4760715,1.7205516,1005.8139,5.6631895474528875,1005.9844696988797,1,3
30.76,9.506968,-1.466538,1.6163933,1005.8068,5.662624147818912,1005.9791981071472,1,3
30.78,9.516512,-1.6000012,1.791565,1005.8065,5.662139153613891,1005.973918415506,1,3
30.8,9.435239,-1.447471,1.6400626,1005.8043,5.661457824291597,1005.9686426536763,1,3
30.82,9.526038,-1.5666345,1.8531091,1005.812,5.660906338334949,1005.9634170769704,1,3
30.84,9.545142,-1.5809338,1.6968723999999995,1005.8095,5.660456201457068,1005.958245655916,1,3
30.86,9.435191,-1.5904665,1.7016054,1005.76385,5.659880194784623,1005.9529763639107,1,3
30.88,9.454291,-1.6190653999999998,1.7631509,1005.7668,5.659266116760484,1005.9476501825853,1,3
30.9,9.439937,-1.5713993,1.7158055,1005.7844,5.6585578559936085,1005.9423562681084,1,3
30.92,9.497278,-1.5332667,1.834164,1005.7567,5.657916711500543,1005.9370102027117,1,3
30.94,9.564179,-1.4999002,1.7773498,1005.76166,5.657439728061799,1005.9316551585972,1,3
30.96,9.583282,-1.5475656,1.7868171000000002,1005.76385,5.657166952345481,1005.9263193430468,1,3
30.98,9.545032,-1.5189658,1.8530977,1005.7594,5.6570146394669605,1005.9210037067917,1,3
31.0,9.440531,-1.4665498,1.7300631000000002,1005.7291,5.656694883698367,1005.9156159572516,1,3
31.02,9.473999,-1.476083,1.7347984,1005.72156,5.656300712816438,1005.9101567403123,1,3
31.04,9.517028,-1.5046828,1.7442682,1005.7364,5.6559417228698,1005.9047074519597,1,3
31.06,9.564833,-1.4903831,1.8105503,1005.73425,5.655732051315777,1005.899278813944,1,3
31.08,9.603083,-1.4903836,1.8768332,1005.75714,5.65575797409809,1005.8939703696633,1,3
31.1,9.507498,-1.552349,1.8436933,1005.6966,5.655806188284763,1005.8885692949659,1,3
31.12,9.47405,-1.609548,1.6779901000000002,1005.70416,5.655763689645245,1005.8831330319016,1,3
31.14,9.493177,-1.5332832,1.7300694,1005.7119,5.6556731868320895,1005.8777131109433,1,3
31.16,9.545766,-1.4808513,1.7300703999999998,1005.7142,5.655630082119229,1005.8723354215848,1,3
31.18,9.560116,-1.4665518999999998,1.7632120999999998,1005.7016,5.655665810776711,1005.86696904775,1,3
31.2,9.541006,-1.3902872,1.7158691,1005.7045,5.6556918880541005,1005.8616424312577,1,3
31.22,9.60793,-1.3855209,1.79162,1005.7094,5.655871479902201,1005.8563877601724,1,3
31.24,9.555366,-1.485619,1.7206053,1005.7119,5.656083766870319,1005.8512245768652,1,3
31.26,9.531478,-1.4236540000000002,1.7016686,1005.67694,5.656249871054207,1005.846034963618,1,3
31.28,9.560165,-1.6095499,1.8626392,1005.70184,5.656552754865014,1005.8409303194836,1,3
31.3,9.44546,-1.5237521,1.6827328,1005.68695,5.656647853949362,1005.8358655267764,1,3
31.32,9.5076065,-1.4760867,1.8484378,1005.68695,5.656731580220307,1005.830854180044,1,3
31.34,9.564976,-1.4284214,1.6874688999999998,1005.67926,5.6568459188275755,1005.8258804150232,1,3
31.36,9.569765,-1.275892,1.6922043999999998,1005.66425,5.656954598707423,1005.8209037267565,1,3
31.38,9.45506,-1.4331886,1.8295028,1005.64435,5.656922509565456,1005.8158707315877,1,3
31.4,9.612804,-1.2901921,1.6401275000000002,1005.65186,5.65697442605684,1005.810833138423,1,3
31.42,9.517217,-1.3092586000000002,1.86738,1005.65186,5.656996379348402,1005.8058096178044,1,3
31.44,9.646282,-1.5666528999999998,1.9194593,1005.64685,5.657350797100087,1005.8007985803616,1,3
31.46,9.689309,-1.428423,1.6448648,1005.64166,5.657939103883796,1005.7957979287877,1,3
31.48,9.4837885,-1.5142212,1.7916323,1005.6167,5.658396080320218,1005.7907346005134,1,3
31.5,9.450243,-1.4522537,1.6164513,1005.6016,5.658584178968115,1005.7855797590885,1,3
31.52,9.536286,-1.3521563,1.6827337,1005.6064,5.658701755710646,1005.7803798940726,1,3
31.54,9.426357,-1.3902888,1.692203,1005.6015,5.658548481683741,1005.775141325726,1,3
31.56,9.574536,-1.2758918,1.8295013,1005.62445,5.6584754288137304,1005.7699700379624,1,3
31.58,9.41203,-1.3664565,1.8579084,1005.61676,5.658181645029039,1005.7648491319576,1,3
31.6,9.545871,-1.6429169,1.9147217,1005.61676,5.658074602423487,1005.7597911785367,1,3
31.62,9.631913,-1.5332863,1.5785794,1005.5966,5.658146379717593,1005.7547344826512,1,3
31.64,9.455068,-1.5904851,1.682737,1005.5866,5.6580731538981945,1005.7496611020294,1,3
31.66,9.646265,-1.323558,1.6448624,1005.5917,5.658163367460578,1005.7446096029446,1,3
31.68,9.359483,-1.3616906000000002,1.5691125,1005.60474,5.6578005117920664,1005.7396425677828,1,3
31.7,9.569801,-1.3521577,1.6922077000000002,1005.5768,5.657505420229717,1005.7346674622696,1,3
31.72,9.507669,-1.3426247,1.8437091,1005.5768,5.657199615205876,1005.7297031361741,1,3
31.74,9.593712,-1.4236563,2.0094137,1005.5743,5.657150100268535,1005.7247572063457,1,3
31.76,9.727553,-1.3616912,1.9762737,1005.5542,5.657565205491508,1005.7197729768068,1,3
31.78,9.545926,-1.2997261,1.8768516,1005.56976,5.657965099695045,1005.7148288648692,1,3
31.8,9.761024,-1.1996286,1.7206168000000002,1005.5847,5.658700810201157,1005.7099917836481,1,3
31.82,9.474243,-1.3283258999999998,1.6638046999999998,1005.56934,5.659162474088028,1005.7052113922597,1,3
31.84,9.517266,-1.5380545,1.6685395,1005.5592,5.659533218975439,1005.7004617974167,1,3
31.86,9.612869,-1.4427235,1.6590713,1005.5546,5.659982393220282,1005.695739952943,1,3
31.88,9.631995,-1.4379572,1.7726976000000003,1005.51654,5.660577539131378,1005.6909226113353,1,3
31.9,9.612882,-1.3235598999999998,1.6969477,1005.55457,5.6611999061818565,1005.6861751388901,1,3
31.92,9.53641,-1.32356,1.8153085,1005.53705,5.661733153476657,1005.6814434217372,1,3
31.94,9.359564,-1.399825,1.8200433,1005.53955,5.661852407096617,1005.6767516601428,1,3
31.96,9.440827,-1.4045918,1.8531847,1005.522,5.6617839502816905,1005.6720489136212,1,3
31.98,9.436053,-1.3044943000000002,1.8105757,1005.55237,5.661494501340506,1005.6674627227063,1,3
32.0,9.5169,-1.3140173000000002,1.7537253000000002,1005.5397,5.661155488680168,1005.6629504186116,1,3
32.02,9.536009,-1.4284145,1.6685051,1005.5324,5.6608149537671935,1005.6584933652067,1,3
32.040000000000006,9.4547415,-1.3807486,1.748989,1005.5171,5.660324840601457,1005.6540460967036,1,3
32.06,9.607686,-1.1853195,1.677972,1005.53015,5.659935229977095,1005.6496704643056,1,3
32.080000000000005,9.617236,-1.1948525,1.6164238000000002,1005.49194,5.659636198751353,1005.6452363258476,1,3
32.1,9.526408,-1.2854168,1.6969078000000002,1005.502,5.659285900085975,1005.6408026703333,1,3
32.120000000000005,9.708032,-1.247284,1.6685004,1005.4945,5.659240033558744,1005.6363584027072,1,3
32.14,9.559848,-1.299716,1.7773908,1005.50757,5.659216258881012,1005.6319678095833,1,3
32.160000000000004,9.516819,-1.3140154,1.7395146,1005.4797,5.659114749821915,1005.6275401173842,1,3
32.18,9.52159,-1.2091508999999998,1.578544,1005.47723,5.658869432543149,1005.6230866921344,1,3
32.2,9.430763,-1.2329832,1.7773880000000002,1005.4926,5.658391248750304,1005.6186818934924,1,3
32.22000000000001,9.7223215,-1.1090525,1.6164174,1005.47723,5.658212652501668,1005.6142805865956,1,3
32.24,9.626716,-1.1805507,1.8531367,1005.475,5.658208592358734,1005.6098901817096,1,3
32.260000000000005,9.645824,-1.132885,1.7300414000000002,1005.4926,5.658339488969027,1005.6055885752983,1,3
32.28,9.607576,-1.1376512,1.5501331,1005.4396,5.658450086551168,1005.6011901170024,1,3
32.300000000000004,9.645804,-1.2854142,1.7537116999999998,1005.4751,5.658728874446509,1005.5968497148308,1,3
32.32,9.645795,-1.1185846000000002,1.6258818000000002,1005.46747,5.659067508655897,1005.5925487684984,1,3
32.34,9.631445,-1.0852184,1.6116776000000002,1005.4248,5.659415946719843,1005.5881445567528,1,3
32.36000000000001,9.588417,-1.1376503,1.7016302,1005.4449,5.659728127028456,1005.58373731485,1,3
32.38,9.52149,-1.3330788999999998,1.8010519,1005.425,5.659959617916805,1005.5792716215713,1,3
32.40000000000001,9.540599,-1.2377476,1.7726446,1005.4402,5.660120854242848,1005.5748250771522,1,3
32.42,9.583607,-1.1710155,1.6779555,1005.45764,5.660254992249075,1005.570474244226,1,3
32.440000000000005,9.440204,-1.2997123,1.6779547,1005.4402,5.660107492627017,1005.5661608609732,1,3
32.46,9.559689,-1.2091475,1.5643280000000002,1005.4402,5.659890729016901,1005.5618960964314,1,3
32.480000000000004,9.564458,-1.2806455,1.7489688,1005.4504,5.659707115347638,1005.5577263645353,1,3
32.5,9.607626,-1.2663496,1.777389,1005.4328,5.6596476989584374,1005.5535922545197,1,3
32.52,9.707999,-1.1138196000000002,1.6732318,1005.3999,5.659826134763224,1005.5493860627932,1,3
32.540000000000006,9.555041,-1.2568163,1.7111067,1005.4102,5.659952544566188,1005.545168401958,1,3
32.56,9.564598,-1.1376522,1.6732311000000002,1005.3975,5.660008010407172,1005.5409100705967,1,3
32.580000000000005,9.521576,-1.247283,1.7063717,1005.3625,5.659952947687064,1005.5365051327518,1,3
32.6,9.430756,-1.1805511999999998,1.8010593999999998,1005.4178,5.659634463637607,1005.5321855911943,1,3
32.620000000000005,9.550247,-1.1185858,1.7300428,1005.3648,5.659284781816987,1005.5277662561456,1,3
32.64,9.583701,-1.2711153999999998,1.7442459,1005.38007,5.659020594045452,1005.5233296251744,1,3
32.660000000000004,9.684073,-1.1996169,1.7016358,1005.37744,5.659002562372415,1005.5188842153976,1,3
32.68,9.631492,-1.2282163,1.7347764,1005.36755,5.659114590191448,1005.5144114481436,1,3
32.7,9.57413,-1.1090523,1.6826975,1005.35504,5.659176297679544,1005.5098855737843,1,3
32.72000000000001,9.440292,-1.1805504999999998,1.7016348,1005.34753,5.658945698875457,1005.5053020311352,1,3
32.74,9.540665,-1.2091497,1.7395096999999995,1005.36053,5.658682610384997,1005.500730833538,1,3
32.760000000000005,9.660156,-1.1662507,1.7821189,1005.3199,5.6586393431097575,1005.4960407323407,1,3
32.78,9.540656,-1.161484,1.7253058,1005.3173,5.6585256089949345,1005.4912530922861,1,3
32.800000000000004,9.554993,-1.2425153,1.8105248,1005.3405,5.658431792552508,1005.4864800224016,1,3
32.82,9.521531,-1.1900831,1.7537116999999998,1005.32776,5.658253004991274,1005.4816911457712,1,3
32.84,9.602783,-1.1900831,1.6921641,1005.3229,5.658142233132652,1005.4768880462557,1,3
32.86000000000001,9.602779,-1.2282155,1.8152583,1005.32776,5.65814730761194,1005.4721071665573,1,3
32.88,9.583656,-1.1042849,1.7773826,1005.3204,5.658170986915321,1005.4673366354559,1,3
32.90000000000001,9.540634,-1.1281173999999998,1.6684909,1005.2823,5.658089376197816,1005.4624552622874,1,3
32.92,9.521512,-1.1900826999999998,1.7063658,1005.3107,5.657905107012644,1005.4575957620116,1,3
32.940000000000005,9.545406,-1.2425148,1.8105223,1005.321,5.657731779009999,1005.4528101628244,1,3
32.96,9.540623,-1.2043822,1.8057877,1005.2903,5.657547328989852,1005.4479965707964,1,3
32.980000000000004,9.612317,-1.194849,1.8341936,1005.2981,5.6575075327740825,1005.4432036532255,1,3
33.0,9.521658,-1.2949505,1.6969103,1005.2856,5.6573869434541475,1005.4384012581083,1,3
33.02,9.545558,-1.2997172,1.7963331000000002,1005.2727,5.657282052969912,1005.4335613372538,1,3
33.040000000000006,9.622038,-1.128121,1.7111139,1005.29816,5.657270837652208,1005.4287973383723,1,3
33.06,9.516884,-1.2234524,1.801068,1005.2705,5.657186298194543,1005.4240179985428,1,3
33.080000000000005,9.636382,-1.2615849,1.7726616000000002,1005.2705,5.657278754180733,1005.4192423090744,1,3
33.1,9.593367,-1.2568184,1.6827082999999998,1005.2705,5.657405936847908,1005.4144870375476,1,3
33.120000000000005,9.521672,-1.2186860000000002,1.8862878,1005.2705,5.657485070526709,1005.4097669262912,1,3
33.14,9.574252,-1.2282191999999998,1.7016462,1005.268,5.657560190265956,1005.4050858750503,1,3
33.160000000000004,9.507338,-1.3044842,1.8010689999999998,1005.27826,5.657553368676016,1005.4004931250239,1,3
33.18,9.607716,-1.209153,1.8720852,1005.2379,5.657679608259603,1005.3958496358507,1,3
33.2,9.531241,-1.2282194,1.772663,1005.2506,5.6577345921133695,1005.3912237501276,1,3
33.22000000000001,9.516905,-1.19962,1.6921784,1005.2304,5.657660227915696,1005.3865573520027,1,3
33.24,9.536026,-1.1614877,1.7205849999999998,1005.23804,5.657511407778863,1005.381899460152,1,3
33.260000000000005,9.602946,-1.2520521999999998,1.8626174,1005.228,5.657510072382068,1005.3772297088564,1,3
33.28,9.626847,-1.2472858,1.8105391,1005.22784,5.657666061719282,1005.3725657136597,1,3
33.300000000000004,9.62207,-1.21392,1.7537266,1005.2306,5.657920832782537,1005.3679335309346,1,3
33.32,9.579055,-1.2758853,1.7821332,1005.2256,5.658201649600732,1005.3633281335674,1,3
33.34,9.645973,-1.204387,1.682711,1005.213,5.658585180442809,1005.3587176231728,1,3
33.36000000000001,9.57428,-1.1757877,1.7489929,1005.22076,5.6589293196373935,1005.3541471287448,1,3
33.38,9.512145,-1.1853208999999998,1.7821339,1005.2233,5.6591261848422985,1005.3496375902046,1,3
33.40000000000001,9.502587,-1.2329866000000005,1.7916029999999998,1005.20306,5.659188731509862,1005.3451252826258,1,3
33.42,9.550388,-1.2901851999999998,1.7774,1005.2007,5.659239161311783,1005.3406182766316,1,3
33.440000000000005,9.569509,-1.2711191000000002,1.7584627,1005.1981,5.659305176314027,1005.3361228203397,1,3
33.46,9.63643,-1.2997185,1.7489939,1005.1879,5.659524638160898,1005.3316170330064,1,3
33.480000000000004,9.559956,-1.285419,1.7631973,1005.2233,5.659725260969509,1005.327245778,1,3
33.5,9.612504,-1.1233553,1.6069595,1005.1905,5.659918110079551,1005.3228910522757,1,3
33.52,9.564707,-1.2568189,1.753726,1005.17065,5.660092194975443,1005.3184951488375,1,3
33.540000000000006,9.540809,-1.2949512,1.7631949,1005.17053,5.660214493608248,1005.3140782540238,1,3
33.56,9.488233,-1.3044844999999998,1.739523,1005.1578,5.660177889720781,1005.3096128840517,1,3
33.580000000000005,9.516912,-1.3283173,1.7347887999999998,1005.16064,5.660064046003049,1005.305130980762,1,3
33.6,9.5408125,-1.180554,1.7300543999999998,1005.18304,5.659889637868056,1005.3007312434842,1,3
33.620000000000005,9.526474,-1.3426169,1.6401008,1005.1656,5.6596444994488335,1005.2963571631493,1,3
33.64,9.583833,-1.4236486000000002,1.7489922999999998,1005.1679,5.659516845457317,1005.2920297799776,1,3
33.660000000000004,9.703329,-1.2615856,1.6590387,1005.153,5.659657779413406,1005.2877055969992,1,3
33.68,9.526478,-1.3235508,1.6448356,1005.15546,5.659688362949255,1005.2834086647706,1,3
33.7,9.497801,-1.333084,1.6164293,1005.1358,5.659555951552313,1005.2790805042604,1,3
33.72000000000001,9.5456,-1.3569168,1.7253207999999998,1005.1077,5.659422483450757,1005.2746391718176,1,3
33.74,9.57906,-1.3569168,1.7726648999999997,1005.123,5.659373850086409,1005.270168909453,1,3
33.760000000000005,9.559942,-1.3473839,1.725321,1005.11066,5.659341384563228,1005.2656447535536,1,3
33.78,9.550384,-1.3330841,1.6637738999999998,1005.1003,5.659277751267665,1005.2610519682879,1,3
33.800000000000004,9.540825,-1.442715,1.6401019,1005.09534,5.6591914382524955,1005.2563972201416,1,3
33.82,9.550386,-1.4522481000000005,1.6921805,1005.1128,5.6591260925009905,1005.2517673346867,1,3
33.84,9.579066,-1.2615858,1.6306333999999998,1005.1053,5.659061136297676,1005.2471490854939,1,3
33.86000000000001,9.536049,-1.3092514,1.578555,1005.0852,5.65890460921917,1005.2424853837996,1,3
33.88,9.411775,-1.4856142,1.7063841,1005.1028,5.658513522551888,1005.2378616696006,1,3
33.90000000000001,9.450015,-1.5666456,1.7679314999999998,1005.0752,5.6580431352585485,1005.2331905737241,1,3
33.92,9.497814,-1.3950496,1.6732435,1005.0855,5.657512012446518,1005.228531507342,1,3
33.940000000000005,9.507375,-1.304485,1.7347909,1005.0928,5.65694480510708,1005.2239261228602,1,3
33.96,9.383102,-1.3569173,1.6732438000000005,1005.0525,5.656088442822773,1005.2192396710899,1,3
33.980000000000004,9.330524,-1.4713145,1.74426,1005.0782,5.654934527376237,1005.2145909794896,1,3
34.0,9.324628,-1.5380191,1.5784533,1005.0755,5.6534719981917005,1005.2099826680657,1,3
34.02,9.338924,-1.504652,1.6021215,1005.05005,5.651768118341763,1005.2053350064862,1,3
34.040000000000006,9.252843,-1.5427835,1.6826023999999995,1005.063,5.649724541526773,1005.2007159266913,1,3
34.06,9.291039,-1.4808172,1.7062703,1005.0581,5.647453609451593,1005.1961210904483,1,3
34.080000000000005,9.334015,-1.4140843,1.6683912,1005.03534,5.6450419992625305,1005.1914822812186,1,3
34.1,9.42001,-1.1852885,1.5973715,1005.0305,5.642599800395707,1005.1868038931708,1,3
34.120000000000005,9.43909,-1.018458,1.6825871,1005.0355,5.64016866970004,1005.1821253754764,1,3
34.14,9.233515,-1.1852864,1.6731143,1005.0429,5.637374905790617,1005.1774902258896,1,3
34.160000000000004,9.1187525,-1.3282821000000002,1.7251886000000003,1005.0351,5.634097538744168,1005.1728820029018,1,3
34.18,9.042233,-1.3425806999999998,1.7299189999999998,1005.0305,5.6302560920135525,1005.1682976018593,1,3
34.2,8.951376,-1.4188447,1.7772593,1005.0204,5.625788993969843,1005.1637143937314,1,3
34.22000000000001,8.936996,-1.6190388999999998,1.6115515,1005.023,5.620761437743705,1005.1591580992122,1,3
34.24,9.003873,-1.619038,1.5689381000000002,1005.0255,5.61537629296116,1005.1546509882178,1,3
34.260000000000005,9.032503,-1.595204,1.4126983,1005.028,5.609691649541448,1005.1502125613856,1,3
34.28,8.989446000000003,-1.4903388000000002,1.5641956,1005.02295,5.603690071952159,1005.1458326222156,1,3
34.300000000000004,8.951162,-1.3664072,1.6683484,1005.0204,5.597350737761266,1005.141510950525,1,3
34.32,8.941564,-1.3568732,1.5689224,1005.0126,5.5906770494220845,1005.1372282419973,1,3
34.34,8.860263,-1.2853736999999998,1.6446688000000005,1005.00543,5.5835736027559815,1005.1329695670712,1,3
34.36000000000001,8.917582000000003,-1.2901393,1.5878522,1005.00287,5.576212517138576,1005.1287382434648,1,3
34.38,8.860177,-1.3473369,1.6351922,1004.98785,5.568568654205594,1005.1244922482497,1,3
34.40000000000001,8.927056,-1.4855661,1.6304543,1005.0004,5.560880222407618,1005.1202937547839,1,3
34.42,8.903114,-1.4283663,1.4836838,1005.00543,5.5530609800005735,1005.1161704564404,1,3
34.440000000000005,8.783575,-1.4760308000000002,1.4742110000000002,1005.013,5.5449250359664966,1005.1121556963808,1,3
34.46,8.793092999999999,-1.409298,1.4458007,1004.9803,5.536526083278374,1005.1081335738852,1,3
34.480000000000004,8.936442999999997,-1.3234988,1.4410623,1005.00073,5.528187310543048,1005.1041929735823,1,3
34.5,8.985927,-1.2568084,1.6069207,1004.9803,5.520069859666262,1005.1002650444497,1,3
34.52,9.071989,-1.1376451,1.5643134,1004.96765,5.512304622035036,1005.096316912108,1,3
34.540000000000006,8.895162,-1.199611,1.6211287,1004.96533,5.504556420575721,1005.0923567894873,1,3
34.56,8.971661,-1.2997093000000002,1.531177,1004.99066,5.497002490416556,1005.0884915166972,1,3
34.580000000000005,8.9143305,-1.3569086,1.5264448999999998,1005.00037,5.48954677913054,1005.0847589242,1,3
34.6,8.919136,-1.3998082,1.5548538,1004.95776,5.4822377901955734,1005.0810036093424,1,3
34.620000000000005,8.95262,-1.3712096,1.4128239,1004.97314,5.475095833944291,1005.0772971041406,1,3
34.64,8.909625,-1.3998096000000002,1.4933108999999998,1004.96533,5.468075543855604,1005.0736189545694,1,3
34.660000000000004,8.919209500000003,-1.442709,1.5217197,1004.97784,5.461231007641463,1005.0700241373718,1,3
34.68,8.943133999999997,-1.342612,1.5217221,1004.97064,5.454583249804653,1005.0664899740016,1,3
34.7,8.995737,-1.4236441,1.6874286,1004.9806,5.448324934946832,1005.0630579833412,1,3
34.72000000000001,9.1869545,-1.3664459999999998,1.6164147,1004.97534,5.442776067773957,1005.0597096916534,1,3
34.74,9.1583,-1.4093456,1.5548697,1004.95776,5.437807597182653,1005.0563841222282,1,3
34.760000000000005,9.191784,-1.3759805,1.5217313,1004.97034,5.4334162016689005,1005.053135890244,1,3
34.78,9.234826,-1.4760786,1.5359366,1004.9706,5.429673941741173,1005.0499686232581,1,3
34.800000000000004,9.273089,-1.4522464,1.5832831,1004.9706,5.426604737668011,1005.0468842991057,1,3
34.82,9.196638,-1.61431,1.5690821,1004.97565,5.424036225209846,1005.0439025468074,1,3
34.84,9.206223,-1.5094464,1.5738188,1004.9728,5.421904405567586,1005.0410119013085,1,3
34.86000000000001,9.2779455,-1.5380464,1.5832899,1004.95306,5.4203239705966535,1005.0381411001007,1,3
34.88,9.311427,-1.4999145,1.6448393,1004.9681,5.4193131304801865,1005.0353523121936,1,3
34.90000000000001,9.402269,-1.480849,1.6211698,1004.9681,5.4189784760136375,1005.0326460308743,1,3
34.92,9.402295,-1.5332816,1.7253289,1004.9631,5.419297010566146,1005.0300043949899,1,3
34.940000000000005,9.450117,-1.4331845,1.6211742,1004.95526,5.420219024732077,1005.0274011657003,1,3
34.96,9.368885,-1.4713176,1.5501605,1004.9606,5.421494038036856,1005.0248604681036,1,3
34.980000000000004,9.33067,-1.5618827,1.6401162,1004.9781,5.423059827120557,1005.0224471700218,1,3
35.0,9.443397,-1.5666004,1.6588718,1004.9681,5.42511287095281,1005.0201191300247,1,3
35.02,9.519825,-1.4712683000000002,1.6257265,1004.97034,5.427701160211738,1005.0178828690152,1,3
35.040000000000006,9.428954,-1.4665003,1.6399245999999998,1004.9756,5.430572539589366,1005.0157546904587,1,3
35.06,9.400217,-1.4760319,1.6209818,1004.9605,5.433621928072166,1005.0136753150006,1,3
35.080000000000005,9.4623,-1.4235985,1.564164,1004.9681,5.436907651939792,1005.0116739077116,1,3
35.1,9.43835,-1.5332278999999998,1.7630043000000002,1004.9656,5.440447427676167,1005.0097395981636,1,3
35.120000000000005,9.529112,-1.518927,1.6162328,1004.9656,5.444324870894848,1005.0078715396933,1,3
35.14,9.519499,-1.5951908,1.7440567,1004.9631,5.448538053556877,1005.006059745686,1,3
35.160000000000004,9.557685,-1.4235933,1.7014424,1004.958,5.453039469575819,1005.0042858294169,1,3
35.18,9.490713,-1.4045258,1.5736084,1004.9756,5.457593341191123,1005.0026151280156,1,3
35.2,9.399846,-1.5570543,1.5783381,1004.96606,5.462043120547071,1005.0010072977964,1,3
35.22000000000001,9.466709,-1.599952,1.7440374,1004.98065,5.466593375235722,1004.9995133327428,1,3
35.24,9.571807000000002,-1.4998528,1.6966880000000002,1004.97064,5.4713780815036746,1004.9980893212233,1,3
35.26000000000001,9.5383,-1.5332175,1.6824805,1004.9405,5.476290595972545,1004.9966237430884,1,3
35.28,9.543025,-1.5141501,1.6682723000000002,1004.9555,5.481296708247008,1004.9951807127734,1,3
35.30000000000001,9.3708935,-1.5761138,1.6067197,1004.95807,5.486018384378042,1004.993772052621,1,3
35.32,9.366064,-1.5475132,1.6635278000000002,1004.953,5.4904723761667915,1004.9923805811208,1,3
35.34,9.509403,-1.6476096000000002,1.7345389999999998,1004.9631,5.495023012478942,1004.9910456668113,1,3
35.36000000000001,9.614508,-1.5618104,1.7392686999999998,1004.9659,5.499827407820119,1004.9897756121268,1,3
35.38,9.557096,-1.4807776,1.6777164,1004.9836,5.504674483036448,1004.988631159604,1,3
35.40000000000001,9.451885,-1.5522745,1.6445706000000002,1004.9781,5.509340380313129,1004.9875820091804,0,0
35.42,9.447054,-1.5046078,1.5782843,1004.98865,5.513781145948244,1004.9866588246332,0,0
35.44000000000001,9.547377,-1.6523696,1.7581866000000002,1004.97314,5.518323112260166,1004.9857944309979,0,0
35.46,9.561662,-1.5761033000000002,1.7581817,1004.9836,5.522940969268778,1004.9850227528308,0,0
35.48000000000001,9.575946,-1.4283388,1.6776918,1004.9884,5.527562023271854,1004.9843530560921,0,0
35.5,9.482437,-1.5761532,1.7015547999999998,1004.9455,5.532035847665113,1004.9836214410516,0,0
35.52,9.472908,-1.5856872,1.6068696000000002,1004.97314,5.536314045708559,1004.982937252814,0,0
35.540000000000006,9.544633,-1.6428865,1.7915139,1004.9656,5.540634906715762,1004.9822702899772,0,0
35.56,9.563782000000002,-1.6571869,1.7583756,1004.9555,5.5450090610633325,1004.9815845885704,0,0
35.58000000000001,9.511233,-1.5189575000000002,1.7205032,1004.9656,5.5492481458622445,1004.980921158289,0,0
35.6,9.520828,-1.5952232,1.6352870000000002,1004.98114,5.553366866265309,1004.9803357391223,0,0
35.62000000000001,9.573432,-1.5570915,1.6921023999999998,1004.9759,5.5574780066591805,1004.9798024940857,0,0
35.64,9.578242,-1.5332595,1.6968396,1004.9681,5.561571293026844,1004.9792891897928,0,0
35.66000000000001,9.487456,-1.4951277,1.6826391,1004.951,5.565433164256957,1004.9787337930362,0,0
35.68,9.382329,-1.6142923,1.7157826,1004.9635,5.568916090938476,1004.9781882028074,0,0
35.7,9.501855,-1.6524255,1.6873789,1004.97565,5.572295646732386,1004.9776969817508,0,0
35.72000000000001,9.611823,-1.6190604,1.7583978999999998,1004.95557,5.57580781526412,1004.9771832816907,0,0
35.74,9.63097,-1.6238277,1.7110564999999998,1004.95306,5.5794475506433,1004.976642532504,0,0
35.76000000000001,9.525843,-1.509431,1.5500895,1004.9555,5.582880976043037,1004.9760886134053,0,0
35.78,9.396817,-1.5094317,1.6447802,1004.98065,5.585890896805731,1004.9756155914816,0,0
35.80000000000001,9.411187,-1.5713977,1.6921271,1004.9555,5.58858228509506,1004.9751252131804,0,0
35.82,9.468576,-1.5952313,1.8720373,1004.96606,5.591174672010398,1004.974659280146,0,0
35.84,9.554642,-1.6619636999999998,1.8246958,1004.9706,5.593847897569433,1004.974232968308,0,0
35.86000000000001,9.597691,-1.4856018999999998,1.5974472,1004.9585,5.596529329432955,1004.9737996404823,0,0
35.88,9.592939,-1.4570034,1.6258563,1004.97565,5.599199511644539,1004.9734234133099,0,0
35.90000000000001,9.602531,-1.533269,1.6305937,1004.9681,5.601895259942628,1004.9730718146924,0,0
35.92,9.535643,-1.4951371999999998,1.6779402,1004.9483,5.604472891058898,1004.9726719636208,0,0
35.94000000000001,9.483095,-1.4999045,1.7205526999999998,1004.971,5.606847541557602,1004.972312636145,0,0
35.96,9.454445,-1.5714035,1.786837,1004.9709,5.609024647151056,1004.9719900488974,0,0
35.98000000000001,9.521395,-1.5666379,1.7868400000000002,1004.9606,5.611152754902847,1004.9716640066292,0,0
36.0,9.591747,-1.4951065,1.7441072,1004.953,5.6133328715302815,1004.9713087252576,0,0
36.02,9.596502,-1.290144,1.5215881000000002,1004.9684,5.615423593446675,1004.9709843272262,0,0
36.040000000000006,9.520004,-1.4903388000000002,1.6446805,1004.9555,5.6173730173225405,1004.9706419455478,0,0
36.06,9.558216,-1.4760385,1.7204286,1004.9738,5.619290419311053,1004.9703507860927,0,0
36.08000000000001,9.6012125,-1.4426721000000002,1.8103802,1004.948,5.621282774136783,1004.9700130547684,0,0
36.1,9.515151,-1.4712709,1.7440964,1004.9681,5.62314416981179,1004.9697077483728,0,0
36.12000000000001,9.539027,-1.4188379999999998,1.6446718999999996,1004.9635,5.624879587954228,1004.969415631748,0,0
36.14,9.534224,-1.5237018,1.7582952,1004.95807,5.626561463497634,1004.9691166732235,0,0
36.16,9.615457,-1.4951018,1.6920115000000002,1004.9635,5.628320918722026,1004.968832293448,0,0
36.18,9.634553,-1.4140698,1.6825407,1004.9506,5.6301530980799095,1004.9685153792217,0,0
36.2,9.586731,-1.4522016000000002,1.7156793,1004.9734,5.631969479732912,1004.9682529384462,0,0
36.22000000000001,9.51501,-1.4903336,1.6967393,1004.953,5.633625314865898,1004.9679661351988,0,0
36.24,9.558004,-1.5189322,1.7346123,1004.95557,5.635243131561978,1004.9676680897622,0,0
36.26000000000001,9.534082,-1.4903323999999998,1.7346104,1004.99396,5.636764078793032,1004.9674993876916,0,0
36.28,9.581855,-1.4188333999999998,1.7440768,1004.9609,5.6382720477483135,1004.9673265647464,0,0
36.3,9.481457,-1.5332303,1.7488092,1004.92804,5.639597764726533,1004.9670324267587,0,0
36.32,9.543569,-1.3997658000000002,1.5594306999999998,1004.9681,5.640775092149021,1004.9667763696964,0,0
36.34,9.610463,-1.4426645,1.7393359,1004.9709,5.642028332463775,1004.9665649627457,0,0
36.36000000000001,9.572202,-1.3806987,1.7345994999999998,1004.9864,5.643246498563287,1004.9664495696976,0,0
36.38,9.615196,-1.3330325,1.6825188000000002,1004.9736,5.644483962404529,1004.9663733499497,0,0
36.40000000000001,9.529137,-1.41883,1.7014543000000002,1004.961,5.6455913992285565,1004.9662866581205,0,0
36.42,9.553012,-1.4140627,1.6967179,1004.9734,5.646625157618128,1004.966235665251,0,0
36.44000000000001,9.581665,-1.4474281,1.81981,1004.9759,5.647703882678669,1004.9662253995566,0,0
36.46,9.6151,-1.3997619,1.706182,1004.9734,5.6488295713290775,1004.9662421573506,0,0
36.48,9.600738,-1.2710643,1.6304296,1004.9509,5.649900588895546,1004.966201732771,0,0
36.5,9.58306,-1.3139987,1.7063119999999998,1004.99115,5.650922094762628,1004.9662558273744,0,0
36.52,9.592655,-1.3330659,1.7015806,1004.9631,5.651919263104812,1004.9662922643872,0,0
36.540000000000006,9.506652,-1.447464,1.7536625,1004.9759,5.652770013398127,1004.9663590479803,0,0
36.56,9.516247,-1.3664335,1.677915,1004.9706,5.653455828588196,1004.9664333253903,0,0
36.58000000000001,9.544958,-1.3759674,1.6826523999999998,1004.9734,5.654056097957585,1004.9665240369383,0,0
36.6,9.501976,-1.3330691,1.6968588,1004.97064,5.654484248647324,1004.9666190071292,0,0
36.62000000000001,9.530686,-1.4379342,1.7252682,1004.9555,5.6548581696162055,1004.9666628943643,0,0
36.64,9.530721,-1.4617678,1.720537,1004.99347,5.655188501746932,1004.9667981787053,0,0
36.66,9.59289,-1.3473712,1.6589926,1004.98596,5.65554899033232,1004.9669866985056,0,0
36.68,9.592924,-1.1996088,1.7252773999999995,1004.9681,5.655918815133824,1004.9671572824867,0,0
36.7,9.607299,-1.2949408000000002,1.6163893,1004.9809,5.656311419736174,1004.9673574842752,0,0
36.72000000000001,9.463939,-1.4522381000000002,1.7016115,1004.98596,5.656508101975483,1004.9676013516324,0,0
36.74,9.492649,-1.4951378,1.7063491000000002,1004.9809,5.656604224250063,1004.9678647079633,0,0
36.76000000000001,9.607399,-1.3664417,1.7016177,1004.9656,5.656802683655419,1004.9680892566683,0,0
36.78,9.545296,-1.3521428,1.7442306,1004.96857,5.656976457308063,1004.9682893985803,0,0
36.8,9.5357685,-1.3807428999999998,1.6779518,1004.971,5.65709271002788,1004.9684760021388,0,0
36.82,9.621839,-1.4045765,1.7110956999999998,1004.9761,5.6573509991855015,1004.9686683314357,0,0
36.84,9.583636,-1.3902777,1.5548638,1004.9684,5.6575982720671245,1004.9688373076089,0,0
36.86000000000001,9.602788,-1.4141114,1.6211485,1004.9759,5.657903130081871,1004.9690120406482,0,0
36.88,9.588481,-1.447478,1.7489803,1004.98846,5.658284338456969,1004.9692364474154,0,0
36.90000000000001,9.550278,-1.4331793,1.5643415,1004.9533,5.658585134789036,1004.9693773620239,0,0
36.92,9.56943,-1.4427131000000002,1.753721,1004.9681,5.658922069067903,1004.9694972756693,0,0
36.94000000000001,9.617263,-1.2139193,1.6874422999999998,1004.9638,5.6592983697656845,1004.9695827211735,0,0
36.96,9.602955,-1.3187844,1.7395236,1004.9583,5.659725949323728,1004.9696176030252,0,0
36.98,9.712928,-1.2329873,1.668511,1004.9509,5.660372075315826,1004.9695810412579,0,0
37.0,9.625744,-1.266325,1.6968124,1004.9608,5.661050643841878,1004.969517123532,0,0
37.02,9.582712,-1.2663248,1.7204833,1004.9714,5.661676656610661,1004.9694674241847,0,0
37.040000000000006,9.549242,-1.1995924999999998,1.7252166000000002,1004.9759,5.662170333343308,1004.9694466671144,0,0
37.06,9.26722,-1.7858787,1.9051226000000003,1004.98596,5.662234353437419,1004.9694877741656,0,0
37.08000000000001,9.243309,-1.7668122,1.7252142,1004.96625,5.6617925200479124,1004.9695124403688,0,0
37.1,9.582663,-1.3902538,1.5784466,1004.9834,5.661411020753016,1004.9695842306404,0,0
37.12000000000001,10.046291,-0.69910294,1.6447271,1004.9335,5.6619014863350925,1004.9695177612944,0,0
37.14,9.797728,-0.7277019,1.5121626,1004.9763,5.662612761037384,1004.9694834450397,0,0
37.16,9.381875,-1.4665179,1.8293667,1004.9812,5.662955407833228,1004.9694953027946,0,0
37.18,9.386641,-1.4236186000000002,1.7820214,1004.97845,5.662949003525047,1004.9695380172168,0,0
37.2,9.381848,-1.5809146,1.8483019,1004.9613,5.662701141824117,1004.9695461028184,0,0
37.22000000000001,9.553909,-1.2377223,1.7015342,1004.9588,5.662429700058983,1004.9695145612856,0,0
37.24,9.534777,-1.375952,1.7015331000000002,1004.9508,5.66213798360109,1004.9694193187668,0,0
37.26000000000001,9.515646,-1.4236174,1.6352503,1004.9814,5.661781309534212,1004.9693782929297,0,0
37.28,9.529972,-1.3616518,1.6636555,1004.95123,5.6613891663268125,1004.9692767086453,0,0
37.3,9.6398945,-1.3139858,1.4742781,1004.979,5.6611139369227885,1004.9692219526204,0,0
37.32,9.525167,-1.4474492,1.7394037,1004.9561,5.660839433865387,1004.9691263311676,0,0
37.34,9.63987,-1.3139852,1.7251995,1004.98596,5.660754692418753,1004.9691024412596,0,0
37.36000000000001,9.635078,-1.2043543,1.6683855,1004.97894,5.6607788131028665,1004.9691167473484,0,0
37.38,9.54903,-1.2901518,1.8435572,1004.9563,5.660812197063183,1004.969083247918,0,0
37.40000000000001,9.649392,-1.1423885,1.7299304,1004.96375,5.660976294056027,1004.9690344481288,0,0
37.42,9.41039,-1.4903467,1.8388206,1004.9565,5.660910113180174,1004.9689462046216,0,0
37.44000000000001,9.372138,-1.6333431,2.0281956,1004.9738,5.66068995825736,1004.9688857063222,0,0
37.46,9.458162,-1.5856771,1.9050997,1004.96625,5.660439214442607,1004.968822761482,0,0
37.48,9.47249,-1.5999765,1.8151451,1004.9561,5.660160446387001,1004.96872134148,0,0
37.5,9.621002,-1.6714832,1.6305343,1004.9589,5.660114961397508,1004.9685963699367,0,0
37.52,9.511066,-1.7143822,1.5879247,1004.97144,5.660054650046173,1004.9684961821492,0,0
37.540000000000006,9.616224,-1.5046538,1.6352688999999998,1004.9565,5.660138829792713,1004.9683644699644,0,0
37.56,9.640125,-1.5427864,1.635269,1004.9565,5.6604109873005095,1004.9682053769862,0,0
37.58000000000001,9.697483,-1.7811141,1.8246453,1004.9611,5.6611149366165625,1004.9680392230734,0,0
37.6,9.888678,-1.6762501,1.8672551,1004.9589,5.662561554718902,1004.9678595082734,0,0
37.62000000000001,9.826541,-1.3378245,1.8151768,1004.94604,5.66440948727465,1004.9676221620456,0,0
37.64,9.573212,-1.0136986,1.606863,1004.9692,5.665936053053982,1004.967418123136,0,0
37.66,9.42026,-1.2853924,1.7394265,1004.97156,5.6669766252129445,1004.9672527451118,0,0
37.68,9.386803,-1.5427866,1.7488954,1004.95667,5.667598189295885,1004.9670685192073,0,0
37.7,9.377244,-1.7858808999999998,1.9003966,1004.9993,5.667973955373303,1004.9670217705292,0,0
37.72000000000001,9.382026,-1.8192468,1.8530526000000005,1004.97675,5.6681346291679215,1004.9670154850228,0,0
37.74,9.420265,-1.8430796000000005,1.9240687,1004.96674,5.668219053381388,1004.9670089394037,0,0
37.76000000000001,9.195615,-2.0051427,1.8814591,1004.9617,5.6678369373294935,1004.9669840435124,0,0
37.78,9.272094,-1.96701,1.5453166,1004.9593,5.667055764715317,1004.9669343829463,0,0
37.8,9.468067,-1.8669126,1.5689886999999998,1004.954,5.6662854083218805,1004.9668439390916,0,0
37.82,9.5110855,-1.6190516,1.6731459,1004.95667,5.6655581957592895,1004.9667273967208,0,0
37.84,9.5349865,-1.5427868,1.7725682,1004.95667,5.664930717160164,1004.9665882132539,0,0
37.86000000000001,9.673602,-1.4188564,1.8199124,1004.9541,5.664652902885785,1004.9664202731748,0,0
37.88,9.592347,-1.3092254,1.8672566,1004.98755,5.664507693721641,1004.9663479483372,0,0
37.90000000000001,9.573229,-1.066131,1.8909287,1004.9643,5.664389872453393,1004.9662766694972,0,0
37.92,9.55889,-1.1995947,2.04243,1004.97174,5.664362626856555,1004.9662333555037,0,0
37.94000000000001,9.482415,-1.3950236,2.037696,1004.97723,5.664313059334193,1004.966234671179,0,0
37.96,9.396379,-1.5713861999999998,1.9619452,1004.9998,5.664094485494385,1004.9663566688936,0,0
37.98,9.44418,-1.6810169999999998,1.8246475,1004.97955,5.663805983212898,1004.9665119620662,0,0
38.0,9.506731,-1.7858914,1.8010136000000003,1004.9921,5.663611874183217,1004.9667412960499,0,0
38.02,9.473292,-1.7477596000000002,1.6211079,1004.97943,5.663355049861183,1004.9669896148924,0,0
38.040000000000006,9.41117,-1.6428956,1.5879685,1004.9366,5.662869039731765,1004.967099626808,0,0
38.06,9.463765,-1.5952306,1.7678776000000005,1004.9924,5.662336432139702,1004.96728791468,0,0
38.08000000000001,9.58328,-1.4713006000000002,1.7536759999999998,1004.97955,5.661960247688308,1004.9674984293507,0,0
38.1,9.478139,-1.4856005,2.0140698,1004.97455,5.661619925459207,1004.9677098257685,0,0
38.12000000000001,9.4447,-1.3807368,1.9099146,1004.97754,5.6611697443600475,1004.9679320042699,0,0
38.14,9.511635,-1.3759707,1.9572603,1005.0051,5.66077713946912,1004.9682621259788,0,0
38.16,9.511652,-1.4713022,1.9146522,1004.9978,5.660448133733626,1004.9686601578672,0,0
38.18,9.535568,-1.4093373,1.8294344,1004.9924,5.660172057397702,1004.9690973222753,0,0
38.2,9.540364,-1.4999024,1.805764,1004.97455,5.659972207895224,1004.9695032303861,0,0
38.22000000000001,9.468686,-1.4713033000000002,1.8767817,1004.9727,5.659714597335792,1004.9698733991634,0,0
38.24,9.492602,-1.4474711,1.7773608,1004.97504,5.659409070905153,1004.970219080058,0,0
38.26000000000001,9.45438,-1.4474715,1.7347526999999998,1005.0003,5.658969099004106,1004.9706328150083,0,0
38.28,9.440059,-1.5475696,1.9809433,1005.01843,5.6585125853187,1004.9711704610768,0,0
38.3,9.554793,-1.399807,1.8578506,1004.9827,5.658177894134648,1004.9716870314824,0,0
38.32,9.53569,-1.380741,1.9004617,1004.9777,5.657924814147052,1004.9721651197798,0,0
38.34,9.540487,-1.3330759,1.8294472,1004.9804,5.657712697633332,1004.9726172041679,0,0
38.36000000000001,9.521385,-1.4379406,1.8057768,1005.0081,5.657520619222442,1004.9731444039984,0,0
38.38,9.492723,-1.5380387,1.8625913,1004.9827,5.657342835025228,1004.9736446379144,0,0
38.40000000000001,9.56444,-1.5475723,1.8010455,1004.98553,5.6573021462507915,1004.9741294319058,0,0
38.42,9.574016,-1.4760743,1.8673289,1004.98303,5.65740489990246,1004.9745898379216,0,0
38.44000000000001,9.449759,-1.495141,1.9146745,1004.98553,5.6574086132771075,1004.975036037261,0,0
38.46,9.497574,-1.55234,1.8294568,1004.99335,5.657405717529605,1004.975496229263,0,0
38.48,9.449793,-1.5809398,1.9430841,1004.98553,5.6573558896870635,1004.9759389764903,0,0
38.5,9.506436,-1.5761558,1.9146122,1004.9829,5.657365382463119,1004.9763552476254,0,0
38.52,9.573341,-1.4140925,1.8956735,1004.98334,5.65750325070733,1004.9767482099088,0,0
38.540000000000006,9.439498,-1.5046569,1.9430166,1004.98334,5.657531677972834,1004.9771191618267,0,0
38.56,9.477724,-1.5380223999999998,1.8909372,1004.9783,5.657529778754048,1004.9774511859587,0,0
38.58000000000001,9.515952,-1.4474576,1.7915137,1004.9833,5.65751060146505,1004.9777656182124,0,0
38.6,9.530278,-1.3807254999999998,1.8625286,1005.00616,5.657512666771185,1004.9781456703264,0,0
38.62000000000001,9.5350485,-1.4426905,1.8909341,1004.9809,5.657572927078255,1004.9784913999608,0,0
38.64,9.482458,-1.5761538999999998,1.9240738,1004.9859,5.6576345427878305,1004.978823557626,0,0
38.66,9.482448,-1.5475541000000002,1.8767287,1004.9811,5.657668547337301,1004.9791252473317,0,0
38.68,9.506334,-1.5666201000000002,1.9240718,1005.0088,5.657751454748801,1004.9794986494647,0,0
38.7,9.578021,-1.4236232,1.9524772,1004.9884,5.6579881040755975,1004.9798606324516,0,0
38.72000000000001,9.534991,-1.4093233,1.8861945,1004.9784,5.658241854983546,1004.9801752223424,0,0
38.74,9.53976,-1.452222,1.9335376,1004.9934,5.658551510460424,1004.980500803169,0,0
38.76000000000001,9.592326,-1.4093226,1.8861923,1004.9686,5.65898345348988,1004.980745643496,0,0
38.78,9.558857,-1.5189532,1.8104409,1004.9985,5.659458671028428,1004.9810259000926,0,0
38.8,9.477589,-1.5666184,1.905128,1004.97327,5.659859489884673,1004.9812456135808,0,0
38.82,9.43456,-1.5237192,1.9666742,1004.95825,5.660117852159872,1004.9813569682104,0,0
38.84,9.496686,-1.3854886999999998,1.8341099,1004.9784,5.660278161316872,1004.9814447160753,0,0
38.86000000000001,9.463216,-1.4569868,1.928797,1004.9862,5.660343268954509,1004.9815393691107,0,0
38.88,9.57314,-1.4712863,1.9003894,1004.9636,5.660538421936075,1004.9815584228039,0,0
38.90000000000001,9.573129,-1.3759549,1.8151692,1004.9716,5.660785746626606,1004.9815394083256,0,0
38.92,9.5301,-1.4283867,1.8814498,1004.9787,5.66103282366087,1004.9815123852625,0,0
38.94000000000001,9.49663,-1.4569857,1.9240584,1004.9733,5.661237242419305,1004.9814589430968,0,0
38.96,9.534857,-1.3139888000000002,1.871979,1004.9661,5.661417395052973,1004.981356429404,0,0
38.98,9.530066,-1.5570829,1.9571971,1004.97363,5.661674095218077,1004.9812380331592,0,0
39.0,9.558097,-1.4283699,1.8861217,1004.9766,5.66198459733012,1004.981116721318,0,0
39.02,9.581961,-1.3378046,1.7346178,1004.992,5.662305360105987,1004.9810487099784,0,0
39.040000000000006,9.519785,-1.5141662,1.8103646,1004.9842,5.662589985543237,1004.9809999598027,0,0
39.06,9.419374,-1.5808971,1.9239873,1004.94904,5.662706550688949,1004.9808418282923,0,0
39.08000000000001,9.452797,-1.5379972,1.938187,1004.99927,5.662732971002993,1004.9807684447078,0,0
39.1,9.404962,-1.5665957,2.0139344,1004.98444,5.662624912979188,1004.9807168205716,0,0
39.12000000000001,9.476622,-1.5665947,1.8482267,1004.9741,5.662474319909773,1004.9806473849304,0,0
39.14,9.519605,-1.4188308,1.786676,1005.002,5.6623027902742935,1004.9806629010127,0,0
39.16,9.54824,-1.4092965,1.8813602,1004.96655,5.662205144149798,1004.9806258045793,0,0
39.18,9.552991,-1.4474281999999998,1.8292792,1005.0145,5.6621738123399625,1004.9807149732736,0,0
39.2,9.48604,-1.4760268,1.805604,1004.9867,5.66206577158748,1004.9808153088286,0,0
39.22000000000001,9.452544,-1.4569595,1.9334296,1004.97943,5.66186773651103,1004.9808989782132,0,0
39.24,9.419051,-1.5093908,1.952364,1004.9945,5.661547932721678,1004.9810218721598,0,0
39.26000000000001,9.490708,-1.4235919,1.9334228,1004.9716,5.661231296178883,1004.9810965425113,0,0
39.28,9.519351,-1.4760231,1.9381537,1004.98456,5.660994342518842,1004.9811749896808,0,0
39.3,9.591011,-1.371158,1.7866495999999998,1005.01483,5.660882153823321,1004.9813654636367,0,0
39.32,9.538401,-1.447422,1.8008497,1004.98193,5.660802349889338,1004.9815357987552,0,0
39.34,9.495343,-1.4664873,1.8576591,1004.95685,5.6606924710242685,1004.9815974379906,0,0
39.36000000000001,9.399711,-1.5427512,1.9097342,1004.99725,5.660409191804991,1004.981708251642,0,0
39.38,9.504825,-1.4950848,1.9618089,1004.96436,5.6601911877840125,1004.9817437128784,0,0
39.40000000000001,9.504795,-1.5141504,1.8576492,1004.9769,5.659995521900487,1004.9817576090609,0,0
39.42,9.552559,-1.5475153999999998,1.8481772,1004.96216,5.659923649578911,1004.9816993363347,0,0
39.44000000000001,9.533403,-1.5046153999999998,1.7629546000000005,1004.95685,5.659876402866678,1004.9815583889432,0,0
39.46,9.585943,-1.4521824,1.8813113,1004.98724,5.659986306632963,1004.9814543016277,0,0
39.48,9.485522,-1.5284462,1.8623695,1005.0074,5.6600487619587545,1004.98145573459,0,0
39.5,9.491548,-1.5332434,1.8624836,1004.96436,5.6600828103383725,1004.9813954561107,0,0
39.52,9.462885,-1.4712785,1.9098291,1005.0023,5.6600330959984735,1004.9814174504048,0,0
39.540000000000006,9.496354,-1.4760453000000002,1.9335021,1004.97943,5.659988103592669,1004.9814297297412,0,0
39.56,9.515489,-1.5332443999999998,1.8624873,1004.98474,5.6599756620933475,1004.9814524967364,0,0
39.58000000000001,9.510725,-1.4474467,1.8198793,1004.97974,5.6599386781554415,1004.9814664486644,0,0
39.6,9.553754,-1.4045478999999998,1.7772706000000005,1004.98975,5.659937876701787,1004.9815085973732,0,0
39.62000000000001,9.48207,-1.4951129,1.8719598,1005.0048,5.6598888305211865,1004.9816296890216,0,0
39.64,9.520324,-1.4808136,1.9098364,1004.9772,5.6598850840765325,1004.9817207387216,0,0
39.66,9.5060005,-1.437915,2.0329325000000003,1004.9773,5.659930644947544,1004.9817852755773,0,0
39.68,9.515573,-1.5427794,1.9950583,1004.9897,5.660055756293259,1004.9818707933507,0,0
39.7,9.463009,-1.466515,1.8246211,1004.98236,5.66005146852541,1004.9819481179994,0,0
39.72000000000001,9.51082,-1.5427802,1.8530288,1005.01746,5.66006474347306,1004.982144284834,0,0
39.74,9.563413,-1.4331497,1.8388269,1004.9897,5.660159526177745,1004.982344818424,0,0
39.76000000000001,9.587322,-1.4569826,1.8814374,1004.9798,5.660398208983183,1004.9825128485576,0,0
39.78,9.496523,-1.566614,1.8956423,1004.98975,5.660620910296048,1004.9826873737286,0,0
39.8,9.539556,-1.4998825,1.8293618000000005,1004.9695,5.660867599977336,1004.9827941096244,0,0
39.82,9.4726515,-1.4951164,1.9003792,1004.96216,5.66102631144622,1004.9828141386674,0,0
39.84,9.496561,-1.447451,1.7394105,1004.9671,5.661077715258781,1004.9827752654304,0,0
39.86000000000001,9.496574,-1.5427825000000002,1.9713975,1005.0026,5.66115576421252,1004.9828122860828,0,0
39.88,9.496592,-1.4474517,1.8909142,1004.98706,5.6611939564171925,1004.9828602893014,0,0
39.90000000000001,9.506165,-1.5046507,1.8719778,1005.0023,5.661226441430037,1004.9829726879036,0,0
39.92,9.458382,-1.5046511,1.8814479,1004.9744,5.6611612768790005,1004.9830411416324,0,0
39.94000000000001,9.477514,-1.5809163,1.8767147,1004.9695,5.661071705611768,1004.9830528792368,0,0
39.96,9.501427,-1.523718,1.9572009,1004.9671,5.661022878614434,1004.9830058202193,0,0
39.98,9.52056,-1.5094187,1.8719829,1004.96716,5.661009621619784,1004.9829071939183,0,0
40.0,9.50534,-1.4712645,1.8056206,1004.99963,5.6609592153977815,1004.9828802498206,0,0
40.02,9.553116,-1.5093966,1.881369,1004.9795,5.661014113971076,1004.9828442731166,0,0
40.040000000000006,9.510071,-1.5093958,1.8766321,1004.98206,5.661073242953387,1004.9828096607176,0,0
40.06,9.510051,-1.5379947,1.91924,1004.95935,5.661162205017169,1004.9826946224235,0,0
40.08000000000001,9.495695,-1.4569628,1.819816,1004.9897,5.6611831189437805,1004.9826181939461,0,0
40.1,9.510006,-1.4283627,1.9002982,1005.0048,5.661195724430901,1004.9826305162453,0,0
40.12000000000001,9.490868,-1.4045296,1.75353,1004.9974,5.661098122149777,1004.9826945743699,0,0
40.14,9.500405,-1.566592,1.9287009,1004.9744,5.6610423499941325,1004.9827213156616,0,0
40.16,9.471706,-1.5475252,1.9381678,1004.9719,5.660963620122327,1004.9827059875304,0,0
40.18,9.481249,-1.5236921,1.8434782,1004.96936,5.660838291991486,1004.9826443980384,0,0
40.2,9.514681,-1.4712591999999998,1.9144918,1004.95935,5.660751255588957,1004.9825061177304,0,0
40.22000000000001,9.543339,-1.4617256,1.8766147,1004.98444,5.660737987568365,1004.9823908952264,0,0
40.24,9.543319,-1.4092928999999998,1.8766128,1004.97943,5.6607739957288805,1004.9822784253993,0,0
40.26000000000001,9.514618,-1.4712576000000002,1.9239548,1004.962,5.6608334652581345,1004.9821060447282,0,0
40.28,9.4763565,-1.5332226,1.86714,1004.96936,5.660833288757432,1004.9819078434064,0,0
40.3,9.528914,-1.5713543,1.8482006,1004.96185,5.660891355665414,1004.981660504482,0,0
40.32,9.53368,-1.5332216,1.8624024,1004.9719,5.661003336774822,1004.9814068179924,0,0
40.34,9.428498,-1.5808865,1.9476192,1004.9744,5.661001144288851,1004.9811574360657,0,0
40.36000000000001,9.481053,-1.5522866000000002,1.9712894,1004.9744,5.661003990728718,1004.9809127554248,0,0
40.38,9.500156,-1.5093871,1.8576622,1004.9816,5.660989670468884,1004.9806990296917,0,0
40.40000000000001,9.318498,-1.64285,1.9002693,1005.00714,5.6606569592796525,1004.9806053691265,0,0
40.42,9.576585,-1.4426543,1.8434544,1004.96686,5.660475174328795,1004.9804731273224,0,0
40.44000000000001,9.519207000000002,-1.5713506000000002,1.990219,1004.97943,5.660412096718487,1004.9803525232061,0,0
40.46,9.6386795,-1.3949876,1.8197786,1004.98444,5.660571562439191,1004.980260672325,0,0
40.48,9.442694,-1.4283531,1.8434491,1004.97943,5.66055036326726,1004.9801765224664,0,0
40.5,9.410201,-1.533241,1.8056625,1004.95154,5.660322554964088,1004.9799990761703,0,0
40.52,9.343304,-1.6381058000000002,1.4695215,1004.98914,5.6596951856065765,1004.9798751919487,0,0
40.540000000000006,9.400672,-1.8478343,1.7583212,1004.9867,5.65901134622323,1004.9797902971598,0,0
40.56,9.405475,-1.7143716,2.1086695,1004.99945,5.6583832666560765,1004.9797860590544,0,0
40.58000000000001,9.73052,-1.2806153,2.0329206,1005.007,5.6582900357287444,1004.9798802844516,0,0
40.6,9.596702,-1.1185528,2.1181414000000003,1004.9867,5.6583961319879466,1004.9799880929892,0,0
40.62000000000001,9.654078,-1.1566857,1.9524387,1004.9967,5.658732197638147,1004.9801435154776,0,0
40.64,9.544161,-1.2901497,2.1844263,1004.95905,5.659183730946642,1004.980204910133,0,0
40.66,9.515498,-1.5713768999999995,2.0802708,1004.96655,5.6597161087403975,1004.9802100007739,0,0
40.68,9.319544,-1.6047433999999998,1.9524435,1004.9945,5.659881460380981,1004.9802659428616,0,0
40.7,9.515534,-1.5856776,2.0423992,1004.9815,5.660146834859544,1004.9803198158957,0,0
40.72000000000001,9.482092,-1.3950156,1.9713845,1004.989,5.660342135472691,1004.9803986667717,0,0
40.74,9.654183,-1.4140824,1.9145731,1005.00653,5.6608041543601235,1004.9805624122052,0,0
40.76000000000001,9.764136,-1.304452,1.7299329,1004.9867,5.661621498125394,1004.980729192986,0,0
40.78,9.290953,-1.7763416,1.9855924,1004.97363,5.66205100267322,1004.9808510033896,0,0
40.8,9.448704,-1.7382095000000002,1.8719683,1004.989,5.662390967312343,1004.9809879714496,0,0
40.82,9.4869585,-1.7429764,1.9193139,1004.98413,5.662748087501546,1004.9811203077304,0,0
40.84,9.453519,-1.5618478,2.08502,1004.9712,5.663058928706135,1004.9812015269605,0,0
40.86000000000001,9.458317,-1.585681,1.6589248,1004.9762,5.663175690542045,1004.9812552867752,0,0
40.88,9.353173,-1.7572773000000002,1.8293647,1004.9862,5.6630338973217365,1004.9813205899144,0,0
40.90000000000001,9.45835,-1.7143788,1.9382578,1004.9812,5.662902935881107,1004.9813778576453,0,0
40.92,9.573084,-1.4522187,1.9571972,1004.9915,5.662932711391684,1004.9814648991245,0,0
40.94000000000001,9.477506,-1.4522191,1.9714022,1004.9791,5.662917877092424,1004.9815332953384,0,0
40.96,9.410604,-1.3997872,1.9240595,1004.999,5.6626933534457065,1004.9816566103699,0,0
40.98,9.420182,-1.3997877,2.0471559,1004.9661,5.662355876720071,1004.9817095677347,0,0
41.0,9.572031,-1.3091962,2.004445,1004.9887,5.662181152530074,1004.981781526418,0,0
41.02,9.519427,-1.4903246,2.151209,1004.9892,5.662162730715695,1004.9818718156157,0,0
41.040000000000006,9.485942,-1.533223,1.957096,1004.9987,5.6621447399436615,1004.9820121766144,0,0
41.06,9.462014,-1.6571528000000002,1.9144838,1004.97614,5.66210355061743,1004.9821150597572,0,0
41.08000000000001,9.39985,-1.6237861999999998,1.8908093,1005.0013,5.661895910192188,1004.9822750330867,0,0
41.1,9.490641,-1.5332211000000002,1.8529317,1004.9636,5.661679051230488,1004.9823491554021,0,0
41.12000000000001,9.581432,-1.4807882,2.0470402,1004.9636,5.661700719844892,1004.98234715292,0,0
41.14,9.614863,-1.3282578,1.9002709,1004.9708,5.661894646120667,1004.9823038137764,0,0
41.16,9.633958,-1.1757274,1.9476126,1004.9686,5.6622577037375486,1004.9822161855797,0,0
41.18,9.543117,-1.2424586000000002,1.942876,1004.9762,5.662600325474362,1004.982117099037,0,0
41.2,9.327996,-1.3949877,2.0280926,1005.0063,5.662569269638728,1004.9821166046112,0,0
41.22000000000001,9.289734,-1.7334126,2.1653883,1004.9784,5.66230723254233,1004.9821027879599,0,0
41.24,9.299268,-1.776311,2.1559174,1004.9942,5.661872769827074,1004.9821341295308,0,0
41.26000000000001,9.504771,-1.7524775,1.8150374,1004.9837,5.661545579519223,1004.9821674600756,0,0
41.28,9.676818,-1.4569503,1.8197694,1004.9686,5.661563175075918,1004.9821480680893,0,0
41.3,9.9588,-1.1900225,1.7440165,1004.9992,5.66235613854622,1004.9821923202848,0,0
41.32,9.786703,-1.070858,1.8434367,1004.9837,5.6634906297024274,1004.9822368491716,0,0
41.34,9.389953,-1.299652,1.815028,1004.9633,5.664165109029068,1004.9822080222392,0,0
41.36000000000001,9.323008,-1.6714429,1.5498986,1004.9661,5.664318371315344,1004.9821245618815,0,0
41.38,9.442475,-1.7095747,1.980727,1004.9684,5.664427586913607,1004.982001407887,0,0
41.40000000000001,9.624082,-1.4140475,1.8955053,1004.97614,5.664730466844125,1004.9818714879488,0,0
41.42,9.4997835,-1.5522771,1.8102839,1004.9708,5.6649625847865845,1004.9817168333348,0,0
41.44000000000001,9.370702,-1.7524717,1.7487341,1004.9485,5.664918736537572,1004.981460599918,0,0
41.46,9.499728,-1.5665753,1.7913412,1005.0085,5.664841188361537,1004.9813315339113,0,0
41.48,9.571403,-1.3949788,1.8812928,1004.9937,5.664859936017607,1004.9812620176652,0,0
41.5,9.587158,-1.4236128,1.8672193,1004.9837,5.664998455681412,1004.9812093698469,0,0
41.52,9.453355,-1.538011,2.0376606,1004.98083,5.665079167753812,1004.9811614845032,0,0
41.540000000000006,9.6063385,-1.3139834,2.0139916,1004.9812,5.665338678916079,1004.9811193116693,0,0
41.56,9.5729065,-1.3759494,2.070807,1004.9708,5.6657297847856425,1004.9810448982312,0,0
41.58000000000001,9.381747,-1.5809121000000002,2.0471377,1004.9887,5.665905830560107,1004.9810067048833,0,0
41.6,9.295738,-1.7239095000000002,2.0045307,1004.99097,5.665751215236307,1004.9810088251038,0,0
41.62000000000001,9.405706,-1.576147,1.8625015,1004.97107,5.665414337308492,1004.9809749187602,0,0
41.64,9.491772,-1.5332488000000002,1.9287858,1004.9862,5.665103328077612,1004.9809637694077,0,0
41.66,9.568277,-1.5332495000000002,1.9903357,1004.9812,5.664995602780397,1004.9809547682696,0,0
41.68,9.463154,-1.514184,2.0613546,1004.9684,5.664880992868588,1004.9809016176984,0,0
41.7,9.424944,-1.5332509,1.9950756,1004.961,5.664661616432048,1004.9807830080299,0,0
41.72000000000001,9.511013,-1.60475,1.8435775,1004.9884,5.6644855828408085,1004.980705625698,0,0
41.74,9.601857,-1.2806249,1.8861898,1004.97864,5.664449823553702,1004.980629814417,0,0
41.76000000000001,9.673585,-1.3759568000000002,1.7725668,1004.9834,5.6646662244032,1004.9805728002373,0,0
41.78,9.654495,-1.3711909,1.7725694,1005.0038,5.665064633485423,1004.9806060404268,0,0
41.8,9.444212,-1.7334499,1.8246505,1004.9859,5.665336915163523,1004.9806544697133,0,0
41.82,9.343868,-1.9956112,1.8341223,1004.99365,5.6654037329298355,1004.9807440457396,0,0
41.84,9.578107,-1.4760574,1.7536401999999998,1004.9659,5.6655371671288055,1004.9807697565517,0,0
41.86000000000001,9.602036,-1.4140928999999998,1.9288158,1004.9784,5.665826353508973,1004.9807839435016,0,0
41.88,9.707221,-1.3759613000000002,1.7205046000000002,1004.9784,5.6663740534124765,1004.9807878968942,0,0
41.90000000000001,9.587758,-1.5141921,1.7583828999999995,1004.9661,5.666962183477951,1004.9807385136827,0,0
41.92,9.324898,-1.7048550999999998,2.1087317000000003,1004.9837,5.667265098440173,1004.9807055400282,0,0
41.94000000000001,9.410962,-1.647657,2.118203,1004.9862,5.667470627707907,1004.9806961845627,0,0
41.96,9.262821,-1.8335536,2.1040027,1004.9962,5.667356620075705,1004.9807437318092,0,0
41.98,9.210271,-1.8764534,2.146615,1004.9911,5.6668928377375805,1004.9808230271212,0,0
42.0,9.348146,-1.8383026,1.8104044,1004.9733,5.666238448755935,1004.9808660095616,1,4
42.02,9.305128,-1.9193342,1.6825756,1004.9934,5.6653165309172815,1004.9809491112117,1,4
42.040000000000006,9.4246235,-1.7572712,1.6352315,1004.9987,5.664320874268802,1004.981086443029,1,4
42.06,9.539338,-1.6285743,1.6020906,1004.9934,5.663437332799371,1004.981252118228,1,4
42.08000000000001,9.639715,-1.5952083,1.6589035,1004.9685,5.662867136475179,1004.9813526012081,1,4
42.1,9.587136,-1.6476403000000002,1.6967787,1004.9937,5.66250087875346,1004.9814858386052,1,4
42.12000000000001,9.544119,-1.480811,1.5500121999999998,1005.0012,5.662123545380328,1004.9816745381501,1,4
42.14,9.524999,-1.652407,1.5926218,1004.961,5.661770368534294,1004.9817668447307,1,4
42.16,9.601476,-1.3902464,1.5689498,1004.9837,5.661502317773437,1004.9818553661844,1,4
42.18,9.682733,-1.1995841,1.734654,1004.98114,5.661481109318387,1004.9819310084224,1,4
42.2,9.620595,-1.2186503,1.9761086,1004.98615,5.661651077773029,1004.9820130342737,1,4
42.22000000000001,9.1904125,-1.0851867,2.1039379,1004.9862,5.661144763122129,1004.9821005853923,1,4
42.24,9.056579,-0.66096324,2.1607504,1004.9862,5.659718038097688,1004.9821927034536,1,4
42.26000000000001,9.52022,-0.5227331000000001,2.7998953,1005.0113,5.658736408963593,1004.98237888524,1,4
42.28,9.563238,-0.9183573,3.0318808999999995,1004.97107,5.658436596974636,1004.9825026834793,1,4
42.3,11.126234,-0.9231239,3.4106333,1004.9912,5.662064853804559,1004.9826433819434,1,4
42.32,11.556416,-0.62759733,4.07345,1004.9887,5.670388770300809,1004.9827895069313,1,4
42.34,10.619575,-0.26057243,3.8651361,1005.0038,5.680825502164785,1004.9829942607454,1,4
42.36000000000001,10.055557,-0.5513324000000001,2.459018,1004.9967,5.691142856554515,1004.983224521877,1,4
42.38,9.118715,-0.80395997,2.2033603,1004.9686,5.699340957877544,1004.9833753323339,1,4
42.40000000000001,8.224893,-0.8516254999999999,1.957171,1005.0013,5.703728545424132,1004.9835731172577,1,4
42.42,8.191434,-1.2329501,1.7583258999999998,1005.0038,5.704672947746407,1004.9838206967937,1,4
42.44000000000001,9.386385,-1.9860659,1.8388109,1004.97363,5.705274716755217,1004.9840027715634,1,4
42.46,10.261088,-3.0537746,2.8661768,1004.9962,5.708302803749322,1004.9842075628524,1,4
42.48,9.26689,-5.332189,2.0850003,1004.9937,5.713068945925956,1004.9844226892087,1,4
42.5,9.672501,-7.739284,0.2527238,1004.9787,5.722465858850748,1004.9845921731765,1,4
42.52,9.285311,-8.201639,0.60780174,1004.9987,5.7359488286912175,1004.9847927173868,1,4
42.540000000000006,7.8322205999999985,-7.0052323,0.058608204,1005.00903,5.749053663358028,1004.9850571724684,1,4
42.56,8.683003,-4.9031806,-0.30120867,1004.98114,5.7606718403790085,1004.9852767431577,1,4
42.58000000000001,10.456284,-3.1633862999999995,-0.3627584,1004.9716,5.772917542215472,1004.9854215195433,1,4
42.6,11.3500805,-2.8344934,0.9249973,1004.96906,5.787346441567748,1004.9854905424871,1,4
42.62000000000001,10.790815,-1.5713551,2.3689880000000003,1004.9661,5.802454884914204,1004.9854817252077,1,4
42.64,10.27457,-1.0660995,2.5725653,1004.9616,5.817041614408321,1004.9853879600483,1,4
42.66,9.949518,-0.5751435,2.761939,1004.9787,5.830484043853824,1004.9852810324976,1,4
42.68,8.912276,-0.30821574,2.6388423,1004.96155,5.840701400392407,1004.9851011195973,1,4
42.7,8.505964,0.61173046,2.2790248,1004.9892,5.847049937786245,1004.9849569045273,1,4
42.72000000000001,8.539398,1.2504497,2.402117,1004.9741,5.8502300630772135,1004.9847903912352,1,4
42.74,8.873959,1.2409172,2.9371026,1004.96155,5.85157783464839,1004.984559594682,1,4
42.76000000000001,9.958948,1.4983118,3.2543051,1004.9791,5.853700988218371,1004.9843360083067,1,4
42.78,11.68921,1.6460758000000002,3.1217394,1004.989,5.8598824025139695,1004.9841552377555,1,4
42.8,15.780698,0.8071624,4.0686183,1004.9766,5.878162404729122,1004.9839683100407,1,4
42.82,18.987917000000003,-0.06035024,5.1291227,1004.99927,5.914033579173112,1004.9838582267956,1,4
42.84,17.07597,-0.9850616,4.3337398,1004.9791,5.961112940440153,1004.983743827624,1,4
42.86000000000001,16.841734,-3.5399354,3.2069492000000004,1004.96906,6.017637773463664,1004.9835898827364,1,4
42.88,15.919206,-7.400846,2.6293492,1004.9842,6.082814914374449,1004.9834560534558,1,4
42.90000000000001,13.806506,-6.7001615,2.6482842,1005.007,6.150875632330393,1004.9834225601112,1,4
42.92,11.144129,-5.6467514,2.965487,1004.999,6.215558848885819,1004.9834490441752,1,4
42.94000000000001,9.299097,-4.998499400000001,2.7855773,1004.97144,6.2730309839803216,1004.9834292129352,1,4
42.96,8.151919,-4.693439,2.2647905,1004.9741,6.321340184308679,1004.9833781048852,1,4
42.98,6.7227305999999984,-4.826902400000002,1.971255,1004.95404,6.358952166905904,1004.9832273286344,1,4
43.0,5.103185,-4.2406354,0.9297599,1004.92896,6.383219565991973,1004.9828987403564,1,4
43.02,4.0803129999999985,-2.910766,0.2669438,1004.93933,6.392114944173187,1004.9824515522882,1,4
43.040000000000006,4.477043599999999,-2.925066,-0.6704677,1004.94934,6.388165681641916,1004.9819372153232,1,4
43.06,5.590744,-4.188204,-0.62785757,1004.92676,6.3762563723820485,1004.9812841092056,1,4
43.08000000000001,8.229202,-5.360777,0.295352,1004.95435,6.3632011756743125,1004.980610061847,1,4
43.1,11.297843,-7.138703,2.042348,1004.9897,6.356857574581138,1004.9800471973782,1,4
43.12000000000001,12.220351,-7.6153584,5.6452303,1004.95435,6.360513301943475,1004.9794573404233,1,4
43.14,13.386629999999998,-5.060484,5.5363398,1004.9694,6.372739123239309,1004.978899936392,1,4
43.16,15.332016,-5.651538,5.375371,1004.9493,6.396353466543107,1004.9783008544192,1,4
43.18,17.377777,-4.9460874000000015,4.9114,1004.96936,6.433108475576037,1004.9777393185119,1,4
43.2,16.431383,-3.1443286,5.015557299999998,1004.9747,6.478726732902768,1004.9772322038376,1,4
43.22000000000001,14.141864000000002,-1.5093999,6.748349,1004.96185,6.528430758292488,1004.9767287413778,1,4
43.24,12.703149,-0.46552408,7.1555095,1004.9798,6.5791659256259605,1004.9762949384793,1,4
43.26000000000001,11.814111,-0.14616503,6.2607074,1004.96936,6.628102198838207,1004.9758866644597,1,4
43.28,9.988233,-0.06513364599999999,5.200201,1004.95715,6.670886764141233,1004.9754584615436,1,4
43.3,8.621215,1.3838996,5.1433887,1004.97974,6.7057388312983015,1004.9750955149857,1,4
43.32,9.452908,2.971163,4.6557455,1004.9722,6.735148689973326,1004.9747643915532,1,4
43.34,12.062686,4.868252,3.178612,1004.97455,6.764720830630572,1004.9744710390784,1,4
43.36000000000001,15.4993725,4.1961675000000005,3.6567876,1004.98254,6.800726848779013,1004.974240881091,1,4
43.38,16.039495000000002,0.9263094,3.936118,1004.95984,6.842439713558062,1004.9739856703212,1,4
43.40000000000001,15.188697,-0.22719751,2.2648735,1004.9497,6.8865860726405925,1004.9736727376725,1,4
43.42,15.437254,-1.9431581,1.3748059,1004.9599,6.933267005007157,1004.973346648528,1,4
43.44000000000001,16.517492,-4.822159,2.2033272,1004.9795,6.985610596555191,1004.9730806682253,1,4
43.46,17.315727,-6.2902584,3.1644123,1004.9773,7.0455651445290846,1004.972860837624,1,4
43.48,16.092104,-6.090063,2.4684553,1004.9949,7.109304997871265,1004.9727459362894,1,4
43.5,13.916789,-5.661061,1.6493567,1004.972,7.171446719116808,1004.9726417240996,1,4
43.52,12.038311,-5.165337999999998,2.179609,1004.9394,7.228139423554525,1004.9724299720018,1,4
43.540000000000006,9.796569,-5.2892685,1.857668,1004.97455,7.275671723685273,1004.972250499949,1,4
43.56,7.454450599999999,-5.227303,1.4694456,1004.97015,7.310647259981539,1004.9720843566432,1,4
43.58000000000001,5.5233965,-4.62195,0.3237184,1004.95746,7.330217723514549,1004.9718849047348,1,4
43.6,4.185037,-4.6982145,-0.5994918,1004.9321,7.334258054767977,1004.9715654433708,1,4
43.62000000000001,3.7596219,-5.4894624000000025,-0.78886914,1004.9497,7.325350647758901,1004.9712044517136,1,4
43.64,4.342745,-6.1615470000000006,-0.41485238,1004.96765,7.306800313447603,1004.9708726834593,1,4
43.66,7.392245299999999,-6.886063,1.1285622,1004.955,7.285233292261688,1004.9705223913696,1,4
43.68,9.920748,-8.287431,2.9560413,1004.9724,7.26751126992074,1004.9702196326697,1,4
43.7,12.874654,-7.4151506,5.834558,1004.94226,7.258865300973293,1004.9698514604053,1,4
43.72000000000001,16.077106,-6.604835499999999,6.218044,1004.94507,7.263461615136824,1004.9694369301346,1,4
43.74,18.543472,-5.880318,6.038135,1004.9952,7.283710699775412,1004.9691633982393,1,4
43.76000000000001,18.839806,-2.5341947,4.9634237,1004.975,7.316216500134193,1004.9689427172227,1,4
43.78,15.948012,-0.0079193115,4.968157,1004.9624,7.353318740835879,1004.9687241696944,1,4
43.8,13.926143,0.0921786,6.3695397000000025,1004.94244,7.391459775665838,1004.9684364380876,1,4
43.82,11.617484,-1.7715448,5.185937,1004.95734,7.4252501116615415,1004.9681422512629,1,4
43.84,9.810703,-2.3959632,4.447369,1004.96265,7.451312018166188,1004.9678625356796,1,4
43.86000000000001,8.429326,-1.3377874,4.092287000000002,1004.9449,7.467188645767176,1004.967532713862,1,4
43.88,9.041126,0.7404316999999999,3.7324712,1004.9501,7.474723514382508,1004.9671785255341,1,4
43.90000000000001,10.632789,2.9330482000000004,2.705104,1004.965,7.47807695360953,1004.9668577220357,1,4
43.92,12.764566,3.9483252,3.9975953,1004.95734,7.483106180934754,1004.9665399962648,1,4
43.94000000000001,14.351449,3.5145690000000003,5.384774,1004.9726,7.493297031477207,1004.9662810697874,1,4
43.96,14.46615,2.2943306,4.4331580000000015,1004.96765,7.507132793516313,1004.9660572105008,1,4
43.98,12.91748,0.8834301,2.705099,1004.93,7.519824651365617,1004.9657296024768,1,4
44.0,13.697149,-2.4865394,1.4552674,1004.9902,7.533059771222731,1004.9655282214584,1,4
44.02,15.341411,-4.7935534,3.3963745000000003,1004.96533,7.551779835938087,1004.9653495675932,1,4
44.040000000000006,17.043028,-5.141512400000001,5.474778700000001,1004.9904,7.57984483846285,1004.9652818905944,1,4
44.06,16.340406,-4.9031844000000016,5.4747796,1004.9625,7.614595674142464,1004.9652120763924,1,4
44.08000000000001,15.642565,-5.799298,2.9134674,1004.9776,7.653088672013537,1004.965194985088,1,4
44.1,13.204873,-5.7468653,0.7971893,1004.97296,7.689528164051473,1004.9652078372657,1,4
44.12000000000001,9.820782,-7.176833,1.3416464,1004.9851,7.719478819551503,1004.9652908052353,1,4
44.14,4.7876554,-9.135887,-0.40061355,1004.9854,7.739607259357557,1004.9654365088347,1,4
44.16,2.5841746,-8.397072,-1.7404494,1004.9474,7.7481457878908335,1004.9655003211033,1,4
44.18,4.4626474,-7.667788499999999,-0.5757849,1004.9829,7.746275750647013,1004.9656193444677,1,4
44.2,6.403256,-6.9289727,0.8255996999999999,1004.92975,7.736421252097852,1004.9655953838724,1,4
44.22000000000001,8.23393,-7.176834,1.1996185,1004.9625,7.72270153818894,1004.9655630689084,1,4
44.24,11.001445,-7.1673007,3.1359909,1004.9469,7.710835251911582,1004.9654673283583,1,4
44.26000000000001,11.402956,-5.1748805,4.4048123,1004.9547,7.700181475226812,1004.965343969626,1,4
44.28,13.01854,-4.8507547,2.6767552,1004.9298,7.692454042066062,1004.9651070115596,1,4
44.3,14.376013,-5.136748000000001,3.5289488,1004.9524,7.690500111848914,1004.9648518901704,1,4
44.32,15.284184,-5.1653476,3.7325292,1004.9851,7.695506207991874,1004.9646993581064,1,4
44.34,14.701057,-4.045207,4.049735,1004.9575,7.705015767045473,1004.9645386630851,1,4
44.36000000000001,13.491776000000002,-3.2634919,5.361166000000001,1004.9726,7.716608281902182,1004.9644256937776,1,4
44.38,12.574061,-2.739171,5.4132447,1004.98004,7.728089312060816,1004.9643820855997,1,4
44.40000000000001,12.593189,-0.89928013,4.8451176,1005.01276,7.738519914068798,1004.9645177139056,1,4
44.42,11.947925,1.2123042,4.6746798,1004.97534,7.7466628855541995,1004.9646765153066,1,4
44.44000000000001,12.014851,3.3906205000000003,4.0355352999999985,1004.97,7.753239761211749,1004.9648359967696,1,4
44.46,12.402022,4.5488935,3.2212188,1004.985,7.759400291553733,1004.9650495050017,1,4
44.48,13.42491,4.5107610000000005,3.2306886,1004.9802,7.76710218048051,1004.9652927026576,1,4
44.5,13.887663,2.7805228,3.5998907,1004.975,7.776319827259853,1004.9655425383768,1,4
44.52,14.30826,0.73567045,3.7655926,1004.9197,7.787259590725174,1004.9655982600799,1,4
44.540000000000006,14.083584,-0.88019174,3.2400713,1004.95984,7.798984338492419,1004.9656267660408,1,4
44.56,13.830228,-1.8573353,2.6245964,1004.9549,7.81078018149803,1004.9656133375502,1,4
44.58000000000001,14.800502,-4.1023830000000014,2.7240164,1004.9545,7.825504484767035,1004.9655614641204,1,4
44.6,16.119701,-5.7802105,3.1501107000000004,1004.98236,7.846533287884393,1004.9655761034873,1,4
44.62000000000001,16.49728,-6.457061,3.5620012,1004.9546,7.874425576483338,1004.9655495248593,1,4
44.64,15.001178,-6.0471363,3.3773572,1005.0021,7.9050656945070985,1004.9656576216936,1,4
44.66,12.181063,-5.103358,1.9428298,1004.98987,7.931426546502847,1004.9658403006184,1,4
44.68,11.162942,-5.160556,2.5914414,1004.98987,7.952288251327984,1004.9660882226344,1,4
44.7,9.016783,-5.713475,2.1653423,1004.9748,7.964731938032888,1004.9663386489259,1,4
44.72000000000001,6.579055,-5.48468,1.7913218000000002,1004.94965,7.965242104848466,1004.9664998464614,1,4
44.74,4.8630786,-5.804039,0.59351504,1004.9545,7.952804562240582,1004.9665990811563,1,4
44.76000000000001,4.0887256,-6.1901293,-0.21133612,1004.9419,7.928610144278362,1004.9665978482408,1,4
44.78,4.815231,-6.047132,0.120069966,1004.9749,7.894757583579133,1004.9666266465823,1,4
44.8,6.703225,-6.25686,0.78288406,1004.9521,7.855552321965666,1004.96659979687,1,4
44.82,9.298633,-7.4532647,2.0753741000000003,1004.9419,7.817772461004486,1004.9664871531952,1,4
44.84,10.689532,-6.676315299999999,3.6329910000000014,1004.932,7.783507958426592,1004.9662634674922,1,4
44.86000000000001,12.682681,-3.7162828,3.4199402,1004.9499,7.753584845158738,1004.9660069103224,1,4
44.88,15.086897,-4.3073354,2.321556,1004.9522,7.732197422441745,1004.9657305115297,1,4
44.90000000000001,17.13741,-5.417943,3.3773263,1004.95734,7.72347449721299,1004.9654560797154,1,4
44.92,17.338133,-4.817356,4.7455669999999985,1004.9545,7.7266429104976435,1004.9651741498773,1,4
44.94000000000001,14.871729,-1.4998312,4.9207373,1005.0024,7.734333913467043,1004.9650590497324,1,4
44.96,12.553495,-0.060330436,4.901797,1004.9876,7.7412968802007365,1004.9650384946657,1,4
44.98,11.129088,-0.48931998,2.4730449,1004.9569,7.7432981038419495,1004.9649910336276,1,4
45.0,9.715713,-0.7133835999999999,2.6010063,1004.952,7.7381478750087975,1004.9649023293337,1,4
45.02,9.486311,1.0597749,2.8803387000000003,1004.9472,7.726462960054326,1004.9647602218337,1,4
45.040000000000006,11.058899,2.704236,2.8093257,1004.9394,7.712695412168982,1004.964543358848,1,4
45.06,12.626705,3.95784,2.9939704,1004.9395,7.700963071993798,1004.9642615826224,1,4
45.08000000000001,14.347465,4.0627036,4.494779599999998,1004.96466,7.695243452840474,1004.9640140394516,1,4
45.1,13.405873,1.6079259,3.4437442000000003,1004.96497,7.69144843421572,1004.9637987517641,1,4
45.12000000000001,14.462243,-2.7677739,3.14548,1004.957,7.6917011791505905,1004.963584048057,1,4
45.14,13.539773,-5.8040714000000015,2.904028,1004.93475,7.695442184638589,1004.9632905332884,1,4
45.16,12.63642,-6.2092300000000025,3.339596,1004.9472,7.701119881156006,1004.962973257719,1,4
45.18,11.819104,-8.740272500000001,3.4390212999999994,1004.9622,7.7097905707775904,1004.9626901292979,1,4
45.2,11.465431,-11.34758,3.4816341,1004.96216,7.723997363696528,1004.96243804856,1,4
45.22000000000001,9.443606,-10.07491,1.7677823,1004.97705,7.73767956878517,1004.9622679130447,1,4
45.24,7.6607699999999985,-8.258852000000001,1.6352218,1004.97455,7.7455723929773725,1004.9621617968164,0,0
45.26000000000001,7.4791694,-4.9079638,2.5489647,1004.9545,7.743995840104778,1004.962040450049,0,0
45.28,6.0117993,-5.141526,1.5642114,1004.9723,7.7314845657007325,1004.9619701624248,0,0
45.3,6.8578568,-4.1977487,0.94874173,1004.9595,7.709424273617301,1004.9618991636956,0,0
45.32,9.113956,-3.8497899,2.2601748,1004.9673,7.683271278100906,1004.961855872229,0,0
45.34,10.313719,-0.9421913,2.511101,1004.9673,7.654652337183935,1004.9618372187492,0,0
45.36000000000001,9.936143,-0.63713247,1.6825830000000002,1004.9798,7.622795610692573,1004.9618854025467,0,0
45.38,9.429517,-0.6323668,1.3606464,1004.97705,7.587050385791178,1004.9619825703012,0,0
45.40000000000001,9.281373,-0.47030455,2.0376692,1004.96967,7.547927107392478,1004.9620961024756,0,0
45.42,9.35788,0.1731799,2.203376,1004.98987,7.506170351188407,1004.9622964055363,0,0
45.44000000000001,9.921931,0.61646885,1.9808621,1004.9569,7.463320180683343,1004.9624539662607,0,0
45.46,9.8024645,0.5735691999999999,2.3880236,1004.9698,7.4195935831802275,1004.9626196326384,0,0
45.48,9.458351,-0.16524793,3.1265938,1004.9419,7.374954132709477,1004.9626914247722,0,0
45.5,9.801441,-0.40831643,3.3821550000000005,1004.972,7.330528248791378,1004.9627883711723,0,0
45.52,9.194394,0.4115317,3.2164497000000005,1004.96716,7.2851474887184535,1004.9628897708752,0,0
45.540000000000006,8.931496000000003,0.4830302,2.7382739,1004.98206,7.238265082758751,1004.9630483804776,0,0
45.56,9.4716015,0.64032686,2.8140235,1004.9645,7.191361945172577,1004.9631937537526,0,0
45.58000000000001,9.380774,0.082640015,3.1075554,1004.9419,7.144569698817233,1004.9632455480652,0,0
45.6,9.194349,-0.14138789999999998,3.5999324,1004.952,7.098028413972907,1004.9632508295462,0,0
45.62000000000001,9.14654,0.049274743,3.4957742999999994,1004.9773,7.051703794414222,1004.9633060732768,0,0
45.64,9.175207,0.26377,3.4626327000000003,1004.96967,7.005775747178963,1004.9633777967732,0,0
45.66,9.634059,0.52593094,2.9986598,1004.9547,6.9609729652193,1004.9634099315863,0,0
45.68,9.309022,0.23517111,2.9134395,1004.95984,6.9166055105802595,1004.9634254741533,0,0
45.7,9.199075,-0.4178468,2.9323761000000004,1004.9419,6.8725892721196375,1004.9633617158586,0,0
45.72000000000001,9.49541,0.015910178,2.9465783,1004.972,6.829619472944522,1004.9633364768524,0,0
45.74,9.48106,-0.29868233,3.178563,1004.9695,6.787857958959547,1004.9633363643496,0,0
45.76000000000001,9.461929,-0.2700827,2.9702485,1004.98456,6.747141312448491,1004.9634126700308,0,0
45.78,9.299404,-0.22718339,3.0696697,1004.9569,6.707234106794429,1004.9634566481185,0,0
45.8,9.089082,-0.35588008,2.9465742,1004.98724,6.667699052911497,1004.9635811272236,0,0
45.82,9.313721,-0.21764974,2.7240562,1004.97955,6.628936434707078,1004.9637486049023,0,0
45.84,9.218115,-0.20811637,2.7856026000000003,1004.9595,6.5908414703894485,1004.9638812932022,0,0
45.86000000000001,9.0603695,-0.37494564,2.8424141,1004.98224,6.553205693913273,1004.9640646279283,0,0
45.88,8.926524,-0.5036423,2.82821,1004.96466,6.515849699912237,1004.9642287658316,0,0
45.90000000000001,8.974311,-0.49410897,2.875553,1004.96466,6.478998686281628,1004.964375350526,0,0
45.92,8.96952,-0.6990706999999999,3.1927571,1004.96436,6.442954656817862,1004.9645048175,0,0
45.94000000000001,9.117682,-0.64187163,3.3916013,1004.98224,6.4081748668040035,1004.9646830611757,0,0
45.96,9.203708,-0.45597565,2.8471434,1004.95715,6.3744203781588435,1004.9648134382668,0,0
45.98,9.657778,-0.4035433,2.9181588,1004.98724,6.342633400683773,1004.9650093750869,0,0
46.0,9.916258,-0.4464515000000001,3.2117257,1004.96936,6.313397449216311,1004.9651981671108,0,0
46.02,9.858905,-0.64188033,2.5394409,1004.9518,6.286038546708372,1004.9653167503412,0,0
46.040000000000006,9.691616,-0.8373091999999999,2.3453305,1004.9595,6.260032501700107,1004.9654005901828,0,0
46.06,9.462189,-1.0470378,2.6435983,1004.9798,6.2350530080319855,1004.9655265089419,0,0
46.08000000000001,9.519551,-1.0994701,2.5867857999999995,1004.9619,6.2111653915845535,1004.9656247153254,0,0
46.1,9.404838,-1.1280693000000002,2.2979872,1004.9363,6.187956884463607,1004.9656059215106,0,0
46.12000000000001,9.357044,-1.1805016000000002,2.4116135,1004.9795,6.165406327608758,1004.9656393339784,0,0
46.14,9.361828,-1.1852683000000002,2.5347083,1004.97687,6.14359394017472,1004.9657092876326,0,0
46.16,9.581702,-1.3759306999999998,2.927664,1004.96716,6.123223118618253,1004.965776321246,0,0
46.18,9.954531,-1.7906212,3.32062,1004.98694,6.105306002289272,1004.9659117413904,0,0
46.2,9.782461,-1.3902305,3.1075723,1004.93353,6.089023847354852,1004.9659148243608,0,0
46.22000000000001,9.323605,-1.2663002,2.506303,1004.97955,6.072955012160603,1004.9659666351056,0,0
46.24,8.831288,-1.2948996000000002,2.3074586,1004.9945,6.056055600551717,1004.9661151351936,0,0
46.26000000000001,8.797833,-1.2520007,2.2790523,1004.95386,6.038389414284621,1004.9662022313847,0,0
46.28,9.189781,-1.3711646999999998,2.3926787,1004.96643,6.020983450854289,1004.966280009546,0,0
46.3,9.471794,-1.7334231,2.814041,1004.9769,6.004778856387013,1004.9663869662953,0,0
46.32,9.514815,-1.7858553,3.1312463,1004.99194,5.989991108844039,1004.9665734642,0,0
46.34,9.318848,-1.6762247,2.9560738,1004.98944,5.9759772001136735,1004.9668205732776,0,0
46.36000000000001,9.194575,-1.7620226000000003,2.7856352,1004.9694,5.96238242807941,1004.9670482047943,0,0
46.38,9.228038,-1.6619251,2.5820565,1004.98193,5.949119619883777,1004.9673029144658,0,0
46.40000000000001,9.385775,-1.394998,2.222242,1004.9716,5.936239667208643,1004.9675434454393,0,0
46.42,9.438356,-1.2377018,2.1086166,1004.997,5.923753284404079,1004.9678620222037,0,0
46.44000000000001,9.390562,-1.4760296,2.3595405,1004.9636,5.911751921365032,1004.968128173353,0,0
46.46,9.667795,-1.0994718,2.04707,1004.99445,5.9005315925760815,1004.9684581030845,0,0
46.48,9.720376,-1.3139669,2.255384,1004.9917,5.890294563959361,1004.9688332998238,0,0
46.5,9.528901,-1.561821,2.7287989,1004.98193,5.880899800862924,1004.9692119717836,0,0
46.52,9.466756,-1.5951867,2.8518927000000005,1004.989,5.872242840473771,1004.9696178032286,0,0
46.540000000000006,9.576685,-1.5904199,2.6483123,1004.9641,5.864368194331063,1004.969956531802,0,0
46.56,9.461962,-1.5856532,2.9418450000000003,1004.97394,5.857155398757862,1004.9702701728547,0,0
46.58000000000001,9.371138,-1.509388,2.9891882,1004.999,5.850380152051468,1004.9706507334668,0,0
46.6,9.586223,-1.5332206,2.3453088,1004.95905,5.844090466676725,1004.9709452341832,0,0
46.62000000000001,9.4189205,-1.5570532,2.5015433,1004.9741,5.838006615389682,1004.9712168121733,0,0
46.64,9.146465,-1.6905167,2.3121662,1004.9938,5.831535016594668,1004.9715380779613,0,0
46.66,9.156016,-1.6666836,2.141727,1005.0041,5.824671939390228,1004.9719391713307,0,0
46.68,8.998275,-1.5665858999999998,1.9807564,1004.9862,5.817064070872062,1004.9723449164153,0,0
46.7,8.917012,-1.5379863,1.8813334,1004.97614,5.808609841263018,1004.9727170950728,0,0
46.72000000000001,9.112976,-1.4760208,1.6777532,1004.9837,5.799730792106256,1004.9730854905928,0,0
46.74,9.509692,-1.3330239,1.5641267,1004.9711,5.791228033729857,1004.9734038571077,0,0
46.76000000000001,9.748674,-1.3806893999999998,1.8387216,1005.0113,5.783684812964416,1004.9738215918746,0,0
46.78,10.045016,-1.5713514,2.2648177000000005,1004.9712,5.777848388914586,1004.974181264584,0,0
46.8,10.064126,-2.1099722,2.8329453,1004.9708,5.7740599972734685,1004.9744868988375,0,0
46.82,9.619598,-2.0241740000000004,2.9086952,1004.9837,5.77123342286181,1004.9747901244284,0,0
46.84,8.830923,-1.5427514,2.3453004,1004.9937,5.767219221412296,1004.9751261301124,0,0
46.86000000000001,8.577586,-1.4998523,2.279018,1004.9658,5.7616185641712905,1004.9753894506661,0,0
46.88,9.060338,-1.3759216,1.7108886000000003,1004.98114,5.755304562521109,1004.9756428226848,0,0
46.90000000000001,9.643467,-1.6190159,2.4399862,1004.9837,5.749953671528032,1004.9758957080393,0,0
46.92,9.801194,-2.005107,2.7193155,1004.9759,5.746073581400336,1004.9761191729892,0,0
46.94000000000001,9.562195,-1.8382771,2.3263593,1004.9633,5.742767433247716,1004.9762704775965,0,0
46.96,9.327977,-1.6523813000000005,1.8103083,1004.9608,5.739218128529612,1004.976348476628,0,0
46.98,9.08898,-1.4664853,1.9334022,1004.9934,5.734973581518596,1004.9764787820565,0,0
47.0,9.304001,-1.4664836,2.0138807,1004.9834,5.730596423859298,1004.9766188363176,0,0
47.02,9.519081,-1.7810761000000002,2.2884752999999995,1004.97864,5.726781370014383,1004.976749864452,0,0
47.040000000000006,9.504731,-1.6952778999999998,2.529929,1005.00116,5.723538475771633,1004.9769535173996,0,0
47.06,9.528621,-1.5236814,2.2932080000000004,1004.9836,5.720683361691964,1004.9771573924812,0,0
47.08000000000001,9.351758,-1.4474163,2.174847,1004.966,5.717747577563027,1004.9772973698905,0,0
47.1,9.356527,-1.4855486,2.1227672,1004.9784,5.714748646248863,1004.9774250233977,0,0
47.12000000000001,9.452111,-1.542747,2.0706878,1004.97577,5.7118914545316075,1004.9775318599527,0,0
47.14,9.432984,-1.6142450000000002,2.2742665,1004.9632,5.709249079302479,1004.9775746660367,0,0
47.16,9.571588,-1.6428442,2.2269216,1004.9836,5.707069942833966,1004.9776341806947,0,0
47.18,9.475982,-1.5332133,2.0517476,1004.97327,5.7050012625774515,1004.977671056796,0,0
47.2,9.480753,-1.5761119,2.0706844,1004.9684,5.703069565389148,1004.9776702647148,0,0
47.22000000000001,9.566779,-1.5665786,1.914448,1005.006,5.7013698214023725,1004.9777715518788,0,0
47.24,9.518972,-1.5236793,1.9665256,1004.9834,5.699792311302396,1004.9778813116301,0,0
47.26000000000001,9.495062,-1.5761112,2.1038225,1004.9959,5.698356642566411,1004.9780431626243,0,0
47.28,9.461594,-1.576111,2.1511657000000004,1004.9659,5.697005748901748,1004.9781424587776,0,0
47.3,9.380327,-1.6285428999999998,2.0470078000000003,1004.9808,5.695543388610567,1004.978239764007,0,0
47.32,9.356418,-1.6094764,2.1606326,1004.9808,5.693984426004295,1004.9783349597573,0,0
47.34,9.370745,-1.5665771000000002,2.0659432,1004.97046,5.6923170758499175,1004.9783907248668,0,0
47.36000000000001,9.456774,-1.5236778,2.023333,1004.96545,5.690699803127973,1004.9783934123084,0,0
47.38,9.600156,-1.4378797,2.0233319,1004.97296,5.689393998625637,1004.9783762266472,0,0
47.40000000000001,9.557131,-1.4903115,1.9665182,1004.9959,5.688273841940753,1004.9784241269812,0,0
47.42,9.428063,-1.5856423000000002,2.1322215,1004.98553,5.687165551083679,1004.9784920328592,0,0
47.44000000000001,9.337239,-1.5999417,2.0706732,1004.9726,5.685867275746039,1004.9785308231748,0,0
47.46,9.380246,-1.5665756000000002,2.0754068,1004.9858,5.684482707873957,1004.978591267334,0,0
47.48,9.385015,-1.6714396,2.065937,1004.9804,5.683068452572504,1004.9786511872306,0,0
47.5,9.4247875,-1.6905435000000002,2.132359,1004.96545,5.6817489861891675,1004.9786566081772,0,0
47.52,9.477403,-1.5856802,2.0187368,1004.97797,5.6805370150839725,1004.9786589263364,0,0
47.540000000000006,9.396192,-1.4331515,2.0376785,1004.97015,5.6792205440343295,1004.978630342527,0,0
47.56,9.515753,-1.4331532,1.9714029,1004.9547,5.678028688511008,1004.9785189366396,0,0
47.58000000000001,9.635283,-1.31399,1.9572029,1004.9952,5.677151893583182,1004.978480550226,0,0
47.6,9.836098,-1.2424933,2.2270699,1004.98553,5.677059320816167,1004.97847201001,0,0
47.62000000000001,9.606709,-1.352125,2.0897758,1004.96265,5.677166598151888,1004.9784075046393,0,0
47.64,9.181366,-1.8049494,2.0424373,1004.9801,5.676729871481069,1004.9783566006764,0,0
47.66,9.210093,-1.4379257,2.056645,1004.9751,5.675748426702275,1004.9782998981732,0,0
47.68,9.415663,-1.1709994,2.335978,1004.9776,5.674758265517057,1004.9782472762073,0,0
47.7,9.688174,-1.6285905,2.5537667,1004.9645,5.674551862055881,1004.9781512892439,0,0
47.72000000000001,9.468351,-1.8144873,2.0613928,1004.95465,5.674431747327299,1004.9779818705221,0,0
47.74,9.210295,-2.253012,2.1371484,1004.98486,5.674099722960363,1004.9778569334053,0,0
47.76000000000001,9.372841,-1.6333603,1.9430406,1004.9773,5.6735624408150604,1004.9777445340088,0,0
47.78,9.602334,-0.79444796,1.905171,1004.9697,5.6730768779073895,1004.9776162575796,0,0
47.8,9.774459,-1.0184773,2.1750371,1004.9549,5.673144870728018,1004.9774211339997,0,0
47.82,9.588094,-1.81926,2.3076048,1004.96747,5.673625005196209,1004.9772128987216,0,0
47.84,9.27268,-2.2434847,2.0945613,1004.96967,5.673925457661428,1004.9770017475947,0,0
47.86000000000001,9.205813,-2.1958208,1.7252823,1004.98505,5.673759689024643,1004.9768441481675,0,0
47.88,9.148507,-2.0385253,1.7915685,1004.98254,5.6730215229737855,1004.9767253983806,0,0
47.90000000000001,9.215469,-1.8812299,1.7915727,1004.9617,5.6718469062607735,1004.9765663796344,0,0
47.92,9.382803,-1.8573985,1.9241399,1004.98456,5.6706688644897545,1004.9764546477036,0,0
47.94000000000001,9.521478,-1.6667374,2.0898497,1004.95465,5.669768669705016,1004.9762774246376,0,0
47.96,9.784421,-1.2997141,2.1703393,1004.99255,5.669567355019705,1004.9761794116084,0,0
47.98,9.784466,-1.2282168,2.269766,1004.97174,5.670011179557317,1004.9760768254132,0,0
48.0,9.706146,-1.1709728,2.3122067000000004,1004.9289,5.670872000656733,1004.9758163436804,0,0
48.02,9.438453,-1.4617321,2.0991566,1004.9644,5.671542611792402,1004.9755450831834,0,0
48.040000000000006,9.295036,-1.5522963,1.8198246,1004.97943,5.671666405439615,1004.9753193831093,0,0
48.06,9.572241,-1.2234033000000002,1.9476513,1004.9617,5.671819587797044,1004.9750709247444,0,0
48.08000000000001,9.323668,-1.6428596999999998,2.3121982000000005,1004.97705,5.6717921652932,1004.974858511604,0,0
48.1,9.5100565,-1.6952912,2.0896792,1004.9766,5.671891780968712,1004.9746770927112,0,0
48.12000000000001,9.357077,-1.3806978,1.9192383,1004.98425,5.671620529089924,1004.974551253444,0,0
48.14,9.170643,-2.0623150000000003,2.4400208,1004.9692,5.671147381341361,1004.974420797355,0,0
48.16,9.591243,-1.2472332,1.6067633999999995,1004.97894,5.670691554123509,1004.9743217954843,0,0
48.18,9.495623,-0.9707723,1.7629964,1004.9639,5.670049012868747,1004.9741967989676,0,0
48.2,9.156233,-1.5618248,2.3358574,1004.994,5.668975940019777,1004.9741576435691,0,0
48.22000000000001,9.610291,-1.6762216,2.0091810000000003,1004.9741,5.668321204114343,1004.9741228383424,0,0
48.24,9.356937,-1.7810851000000003,1.9002879,1004.95135,5.667524093295937,1004.974010102226,0,0
48.26000000000001,9.3855915,-1.433126,2.2269597,1004.9463,5.666685939875151,1004.9738107322254,0,0
48.28,9.160918,-1.437892,2.070722,1004.96643,5.665293702768572,1004.9736079982567,0,0
48.3,9.48114,-1.2567621,2.3169088,1004.9611,5.664121992124633,1004.9733838337288,0,0
48.32,9.748785,-1.1757301000000002,2.4115949,1004.95593,5.663711623053029,1004.97312292815,0,0
48.34,9.309021,-1.623786,2.5441557999999995,1004.9511,5.663299635914665,1004.9728131094394,0,0
48.36000000000001,9.347236,-1.42359,2.7998118,1004.9586,5.663043118577522,1004.9724881864323,0,0
48.38,9.710478,-1.170962,3.0507329,1004.9941,5.663724501858008,1004.9722788869926,0,0
48.40000000000001,9.394985,-1.2901253,2.8471513,1004.9734,5.6645167024863685,1004.9720979860144,0,0
48.42,9.342385,-1.2948912,2.7666647,1004.97864,5.665253845020216,1004.9719616931604,0,0
48.44000000000001,9.237205,-1.3234899,2.937101,1004.943,5.665843541138368,1004.9717370026992,0,0
48.46,9.151145,-1.2424579,2.9370987,1004.9759,5.666109734701794,1004.971553452998,0,0
48.48,9.227598,-1.0994606000000002,2.8708148,1004.9638,5.666162474259676,1004.9713633560511,0,0
48.5,9.147471,-1.3616489,3.301749,1004.9684,5.666221319582384,1004.9711847183072,0,0
48.52,9.090136,-1.3616495000000002,3.1786563,1004.99097,5.666089329176363,1004.9710981010106,0,0
48.540000000000006,9.4295225,-1.0804231000000002,3.1928616,1004.96606,5.666388216890306,1004.9710034288036,0,0
48.56,9.0901785,-1.442682,3.0366282000000004,1004.9405,5.666397644760051,1004.9708099640981,0,0
48.58000000000001,8.994601,-1.3759506,3.2638817,1004.96606,5.666099223996392,1004.9706219188133,0,0
48.6,9.247953,-1.0470587,2.6578798,1004.948,5.665555247572174,1004.9703743230921,0,0
48.62000000000001,9.238415,-1.3759518,3.0981812,1004.9555,5.665132197577982,1004.9701019999496,0,0
48.64,9.295794,-1.1185583,3.1407928,1004.9684,5.664889970448103,1004.969855248021,0,0
48.66,9.300596,-1.4093188,3.4011872000000003,1004.943,5.665072694639119,1004.969540539124,0,0
48.68,9.171562,-1.4236189,3.1171248,1004.9861,5.6651897837479215,1004.9693220764017,0,0
48.7,9.133345,-1.4522187,3.2165492,1004.9605,5.6652497735276945,1004.9690972832652,0,0
48.72000000000001,9.157265,-1.313989,3.0934567000000004,1004.97034,5.665182364509298,1004.9689031298303,0,0
48.74,9.219423,-1.2043588,3.1455371,1004.96027,5.665129131223128,1004.9687004965876,0,0
48.76000000000001,9.166866,-1.2043593,3.0603197,1004.9631,5.6649296913567015,1004.9685012880667,0,0
48.78,9.2624855,-1.2281927,3.1786819,1004.95526,5.664872993411892,1004.9682775987808,0,0
48.8,9.396338,-1.0518305,3.1502771000000003,1004.9653,5.6651433574391525,1004.9680692275721,0,0
48.82,9.133473,-1.2138941,3.2307642000000003,1004.99316,5.665281403148747,1004.9679754375528,0,0
48.84,9.052236,-1.2710932,3.1360781,1004.95764,5.665094694138455,1004.9678553571164,0,0
48.86000000000001,9.123957,-1.3044596000000002,3.183424,1004.96014,5.664802492010812,1004.9677214787573,0,0
48.88,9.090512,-1.3616588,3.1455503,1004.9678,5.6643437733860935,1004.9676034665154,0,0
48.90000000000001,9.157456,-1.2567952,3.0177236,1004.96027,5.66375659238176,1004.9674727904193,0,0
48.92,9.238734,-1.1280985,3.2071018,1004.9749,5.663309447524028,1004.967384062975,0,0
48.94000000000001,9.190956,-1.3187615,3.1266186,1004.96234,5.662889896906082,1004.9672875047787,0,0
48.96,9.124061,-1.1805317,3.1597617,1004.9724,5.662351219169956,1004.9672205909392,0,0
48.98,9.124083,-1.3235290000000002,3.1597636,1004.93994,5.661747482089276,1004.9670632557433,0,0
49.0,9.133149,-1.2663183,3.197594,1004.95996,5.6611159087656215,1004.9668986626434,0,0
49.02,9.252646,-1.2663183,3.221266,1004.95496,5.660710626652072,1004.9667102489948,0,0
49.040000000000006,9.185731,-1.2615517,3.0887027,1004.94464,5.660286517941468,1004.9664643137987,0,0
49.06,9.176171,-1.2186527,3.3301575,1004.94214,5.659981685288477,1004.9661594379297,0,0
49.08000000000001,9.214412,-1.1662207,3.2117975,1004.9777,5.659762618614825,1004.9659315956352,0,0
49.1,9.214413,-1.3044508,3.3396266000000003,1004.9647,5.6597444205180425,1004.9657258404396,0,0
49.12000000000001,9.195294,-1.1900535,3.1786568,1004.9674,5.65972573234709,1004.9655500621233,0,0
49.14,9.271773,-1.1805205,3.1597192,1004.98505,5.659840858147013,1004.9654649441792,0,0
49.16,9.190517,-1.2377192,2.9656088,1004.9928,5.659803339458178,1004.9654881401648,0,0
49.18,9.209638,-1.304451,3.3301582,1004.9646,5.65992951998942,1004.9655054388327,0,0
49.2,9.20008,-1.1805205,2.951406,1004.9697,5.659896487250537,1004.9655358243564,0,0
49.22000000000001,9.329136,-1.2329527,3.2212672,1004.9699,5.6601647342830965,1004.9655783840367,0,0
49.24,9.214421000000002,-1.1995867,3.216533,1004.957,5.6604629625286735,1004.9655851075884,0,0
49.26000000000001,9.137946,-1.1566879,3.2544081,1004.94916,5.660653060986438,1004.965531918131,0,0
49.28,9.099709,-1.2615521,3.074501,1004.97723,5.6605778915072404,1004.9655270330212,0,0
49.3,9.11405,-1.2758518,3.145517,1004.9721,5.660347744762179,1004.9655463792194,0,0
49.32,9.262224,-1.1090223999999995,3.2970178,1004.9417,5.660331198485048,1004.9654776265547,0,0
49.34,9.223988,-0.9993916,3.2733462,1004.95667,5.660388266164534,1004.9653851692447,0,0
49.36000000000001,9.300466,-0.985092,3.4674568,1004.9417,5.6607930774299176,1004.9652182073564,0,0
49.38,9.324366,-0.8516285,3.2165337000000003,1004.939,5.66134921898349,1004.9649762942853,0,0
49.40000000000001,9.238331,-0.97079235,3.1455178,1004.96936,5.661843895439416,1004.9647783212364,0,0
49.42,9.243112,-0.942193,3.420113,1004.9387,5.662476168929333,1004.9645095102936,0,0
49.44000000000001,9.214434,-0.8468619000000001,3.3348942000000004,1004.97424,5.663093419284277,1004.9643070187076,0,0
49.46,9.276573,-0.803963,3.1360493,1004.95404,5.663673129589039,1004.9640911358748,0,0
49.48,9.109282,-0.9612594,3.2023308,1004.9568,5.6639644895547425,1004.9638741337152,0,0
49.5,9.248536,-1.0709058,3.254468,1004.95404,5.664331002060647,1004.9636469877248,0,0
49.52,9.258123,-0.94220954,3.249736,1004.96936,5.6647507492921845,1004.9634668483724,0,0
49.540000000000006,9.047837,-1.1281058000000002,3.1645193,1004.93866,5.66478866209085,1004.9632183725863,0,0
49.56,9.014407,-1.2758698,3.1408498,1004.9613,5.664446165219205,1004.9629919132403,0,0
49.58000000000001,9.100466,-1.0518421999999998,3.107711,1004.95374,5.663858178313365,1004.9627585068747,0,0
49.6,9.363384,-0.94697875,3.1929328,1004.9543,5.663604562427793,1004.9625218183853,0,0
49.62000000000001,9.210455,-0.92314655,3.107716,1004.9536,5.663286316550447,1004.9622805618897,0,0
49.64,9.329977,-0.97081274,3.1124527000000004,1004.9513,5.6631591994196055,1004.9620278576273,0,0
49.66,9.210507000000002,-1.0852107,3.3302379,1004.96124,5.663140690571143,1004.9618017318536,0,0
49.68,9.31569,-1.0756781000000002,3.3917873,1004.9738,5.663463713473747,1004.9616451208856,0,0
49.7,9.291818,-0.88501674,3.1171944,1004.961,5.6638140365746015,1004.9615044169988,0,0
49.72000000000001,9.267942,-0.86118454,3.2923696,1004.9588,5.664254492083829,1004.9613703551432,0,0
49.74,9.177153,-0.9183838,3.3539193,1004.9509,5.664650139525572,1004.9612142048094,0,0
49.76000000000001,9.248879,-0.9326841,3.2213588,1004.961,5.665055163690687,1004.9610754592368,0,0
49.78,9.210664,-0.9326847,3.117204,1004.94604,5.665322247939419,1004.9608987359958,0,0
49.8,9.3158455,-1.02325,3.0461903,1004.97107,5.665645290083917,1004.9607791998905,0,0
49.82,9.339774,-0.9231531,2.9704423,1004.966,5.665995070496157,1004.960692372668,0,0
49.84,9.248984,-1.0137181,3.0367262000000004,1004.94867,5.66624926576121,1004.9605723715927,0,0
49.86000000000001,9.21555,-1.1138165,2.9799156000000004,1004.9712,5.666338701194023,1004.9605045981048,0,0
49.88,9.186898,-1.1185836999999998,2.9231055,1004.95557,5.666191210776539,1004.9604269488975,0,0
49.90000000000001,9.22994,-0.9422216999999998,3.0746086,1004.9634,5.665977659870298,1004.9603690410422,0,0
49.92,9.263428,-0.81352544,3.0840802000000003,1004.9786,5.665754475019578,1004.9603835051132,0,0
49.94000000000001,9.2873535,-0.9183902,3.0272696,1004.9734,5.665553076480973,1004.9604431449484,0,0
49.96,9.2348,-0.90885776,3.2119136000000004,1004.9609,5.665388721307634,1004.9604974873846,0,0
49.98,9.253946,-0.88979226,3.150369,1004.966,5.665250081642789,1004.9605653134067,0,0
50.0,9.18699,-0.7992267,3.0840838,1004.98596,5.6649430936050145,1004.9607166653516,0,0
50.02,9.225251,-0.91839105,3.192977,1004.9659,5.664657965749067,1004.9608690599347,0,0
50.040000000000006,9.306534,-1.0423223,3.38709,1004.95557,5.664711472582374,1004.9609846391728,0,0
50.06,9.392591,-0.7753956,3.1882472,1004.9684,5.6650448496826336,1004.9611134602866,0,0
50.08000000000001,9.225325,-0.71819764,2.9704669,1004.9558,5.665144447444353,1004.9612081581656,0,0
50.1,9.239686,-0.8659614,3.1929855,1004.97565,5.665236185898171,1004.961343823842,0,0
50.12000000000001,9.273169,-0.91362756,3.0746276000000003,1004.9631,5.665316717542336,1004.9614700202678,0,0
50.14,9.244515,-1.151956,3.1409116000000004,1004.9606,5.665426594937572,1004.9615783953567,0,0
50.16,9.206298,-1.2854202,3.1172419,1004.958,5.665506121150168,1004.961661273362,0,0
50.18,9.187204,-0.96129483,2.8947267999999995,1004.96277,5.665300698514932,1004.9617384957833,0,0
50.2,9.254143,-0.80876565,3.0178235,1004.9452,5.665025096168642,1004.96174719093,0,0
50.22000000000001,9.292406,-1.0613937,3.1219826,1004.9427,5.6648813765827,1004.9616863040744,0,0
50.24,9.153818,-1.3140216999999998,2.9752185,1004.9781,5.664551963448344,1004.9616915937537,0,0
50.26000000000001,9.067803,-1.3473883999999998,2.8142507,1004.9728,5.663800125518929,1004.9617362579773,0,0
50.28,9.125186,-1.1710261999999998,2.9136752999999995,1004.95776,5.662804058324647,1004.9617614087564,0,0
50.3,9.177787,-1.1996262,2.9704907000000005,1004.9327,5.6617422211985735,1004.9616790109128,0,0
50.32,9.268626,-1.2615919,3.0273056,1004.96497,5.660856651654347,1004.9616180517394,0,0
50.34,9.235191,-1.1328955,2.9704947,1004.95734,5.659995593456109,1004.9615487872277,0,0
50.36000000000001,9.316471,-1.1567288999999998,3.1409354,1004.95496,5.659434505659294,1004.9614638654707,0,0
50.38,9.335614,-1.0470986,2.852139,1004.96466,5.658970213063314,1004.9614003346907,0,0
50.40000000000001,9.416894,-0.87073666,2.9373605,1004.9446,5.6587701196654105,1004.9612837176885,0,0
50.42,9.316544,-0.91840285,3.0935981,1004.9673,5.658714548275468,1004.9612023335216,0,0
50.44000000000001,9.326125,-1.1853306,3.1693506,1004.9445,5.658914500885414,1004.9610702940712,0,0
50.46,9.3118105,-1.1138328000000002,3.0131176,1004.92175,5.659192646463982,1004.960812070954,0,0
50.48,9.278376,-1.2520635,3.0225885,1004.94995,5.659513825755898,1004.9605448015524,0,0
50.5,9.210202,-1.1900674,2.9893327000000003,1004.9722,5.65970090502254,1004.9603506010236,0,0
50.52,9.324891,-1.2615651,2.9135797,1004.9393,5.659965347831192,1004.9601032232724,0,0
50.540000000000006,9.377444,-1.0327698,2.8520305,1004.95184,5.660308067166104,1004.9598548926876,0,0
50.56,9.248361,-1.1662327,3.1076853,1004.9267,5.660656711932014,1004.9595161101697,0,0
50.58000000000001,9.353492,-1.25203,3.0698078,1004.95435,5.661212359045467,1004.9591981639396,0,0
50.6,9.147933,-1.1519318,3.0603366000000003,1004.98254,5.661514791199927,1004.9590012572612,0,0
50.62000000000001,9.233945,-1.099499,3.1881633,1004.9416,5.6618329085651204,1004.9587646259937,0,0
50.64,9.257816,-1.0565994,3.1218790000000003,1004.9772,5.6621564090414855,1004.958621905952,0,0
50.66,9.219554,-1.3282926000000002,3.1171424,1004.96655,5.66247413235098,1004.9585243396616,0,0
50.68,9.1095915,-1.6142852,3.2023594,1004.9467,5.662718266369362,1004.9583955624652,0,0
50.7,8.98051,-1.3807234,3.0792625,1004.9391,5.662488191378148,1004.9582123109093,0,0
50.72000000000001,9.042623,-1.0232308,3.1313386000000003,1004.9744,5.661903041235592,1004.9581086655147,0,0
50.74,9.071273,-1.285391,3.2544305,1004.94385,5.661211473182581,1004.9579657532488,0,0
50.76000000000001,8.975651,-1.4236203,3.334913,1004.94385,5.660340430254071,1004.9577886592588,0,0
50.78,9.162037,-1.2949228000000002,3.1265970000000003,1004.9565,5.659493992973207,1004.9576275398358,0,0
50.8,9.171571,-1.3664204,3.1171255,1004.98676,5.658704870325399,1004.9575900515704,0,0
50.82,8.870419,-1.385486,3.0508416,1004.9689,5.65734458330897,1004.9575976427533,0,0
50.84,9.032906,-1.6619456999999995,3.1029177000000003,1004.95123,5.655925856898085,1004.9575814268084,0,0
50.86000000000001,9.290988,-1.0232264000000002,3.008227,1004.94635,5.654719993025258,1004.9575266652632,0,0
50.88,9.453475,-1.1328566,3.2307417000000003,1004.94885,5.654195000561919,1004.9574470419667,0,0
50.90000000000001,9.310054,-1.1614553,2.9466748,1004.96405,5.6538157504793825,1004.9574004574713,0,0
50.92,9.391285,-0.9660259,3.0366263,1004.94904,5.6537393883543805,1004.9573291977638,0,0
50.94000000000001,9.453396,-1.1948198,3.2780783,1004.9789,5.654262501744863,1004.9573438875743,0,0
50.96,9.376894,-1.2853838,3.1171067000000003,1004.9763,5.6550805635036365,1004.9574251094961,0,0
50.98,9.214354,-1.3139825,3.211792,1004.96655,5.655909931016643,1004.9575297267917,0,0
51.0,9.106785,-1.1662773000000002,3.2451496,1004.9914,5.656521119795334,1004.9577440996176,0,0
51.02,9.460563,-1.028049,3.0179048,1004.9661,5.657447652801918,1004.9579636006875,0,0
51.040000000000006,9.436728,-1.1281482,3.2262244,1004.97064,5.6587601800529015,1004.9582031868712,0,0
51.06,9.159569,-1.3617113,3.3209187999999994,1004.97894,5.659995680880432,1004.95848953775,0,0
51.08000000000001,8.978003999999997,-1.4761102,3.5197701,1004.9561,5.660988072835928,1004.9587339550503,0,0
51.1,9.121462,-1.3903137,3.4866352,1004.9611,5.661986507374575,1004.958958439939,0,0
51.12000000000001,8.954242,-1.385549,3.6002674,1004.9787,5.6627503136000215,1004.9592278644028,0,0
51.14,8.944751,-1.328352,3.6286805,1004.97363,5.663291288798968,1004.9595177755472,0,0
51.16,9.073869,-1.2234893999999998,3.3967004000000003,1004.9611,5.663679146841235,1004.9597796370424,0,0
51.18,9.155194,-1.1615257,3.4440506,1004.98114,5.664106055584134,1004.9600879151664,0,0
51.2,8.916273,-1.3140572,3.3872440000000004,1004.9686,5.66410409696612,1004.9603909532216,0,0
51.22000000000001,9.016708,-1.3092921,3.3304367,1004.9784,5.663874492541988,1004.960723550216,0,0
51.24,9.002441000000003,-1.3045274,3.1742077,1004.9686,5.6633063543253215,1004.9610457881397,0,0
51.26000000000001,9.126781,-1.3664942,3.48195,1004.9733,5.662917426616317,1004.9613746327313,0,0
51.28,9.322825,-0.9899381,3.202627,1004.9657,5.662778917331845,1004.9616807711348,0,0
51.3,9.33245,-1.061438,3.259446,1005.0012,5.662934783761084,1004.9620935442521,0,0
51.32,9.203459,-1.1806034,3.3020613,1004.9884,5.663156523744138,1004.962552973819,0,0
51.34,9.12705,-1.3093021,3.3399427000000004,1004.9554,5.663348056459882,1004.9629331750788,0,0
51.36000000000001,9.108005,-1.3331368,3.207386,1004.93787,5.6633897413100645,1004.9631788934817,0,0
51.38,9.012472,-1.3522046,3.3541584,1004.9579,5.663222301850356,1004.9633770062455,0,0
51.40000000000001,8.9742985,-1.3188401,3.3825707,1004.97577,5.662808053198159,1004.9635966734616,0,0
51.42,9.036505,-1.2473435,3.4393897000000004,1004.9912,5.662318903524095,1004.9638901433893,0,0
51.44000000000001,9.050911,-1.2711779,3.4062552000000004,1004.9554,5.6617753252625045,1004.9641188889008,0,0
51.46,9.074879,-1.3379116000000002,3.3920584000000003,1004.9759,5.661240093132192,1004.964363420435,0,0
51.48,9.1753235,-1.4141780000000002,3.4536119,1004.9829,5.6609743646328985,1004.9646462201848,0,0
51.5,9.160124,-1.3569584,3.2026095000000003,1004.9808,5.660725361930117,1004.9649542556514,0,0
51.52,9.126697,-1.5094888000000002,3.2357535,1004.9833,5.660496206618896,1004.9652924804692,0,0
51.540000000000006,9.136287,-1.452291,3.4724765,1004.9555,5.66045371855375,1004.9655560829884,0,0
51.56,9.198455,-1.3426608999999998,3.3541190000000003,1004.9783,5.660578998510967,1004.9658348802756,0,0
51.58000000000001,9.184149,-1.2616302,3.2404964,1004.958,5.660723021058322,1004.9660530199899,0,0
51.6,9.2033,-1.3092965,3.4535475,1004.97797,5.661083259349343,1004.9662886693692,0,0
51.62000000000001,9.184209,-1.2234992,3.4251437000000005,1004.9555,5.661553058229869,1004.9664580499514,0,0
51.64,9.079084,-1.266399,3.1931608,1004.9632,5.6617626260480005,1004.9665959856537,0,0
51.66,9.169932,-1.2902325,3.3067894,1004.9783,5.662002889551362,1004.9667600000915,0,0
51.68,9.088707,-1.1949023,3.4014804,1004.9529,5.6621544415571385,1004.9668550272487,0,0
51.7,9.079178,-1.2139692,3.2357788,1004.97046,5.662096228406384,1004.966951971147,0,0
51.72000000000001,9.136569,-1.1043392,3.5056431000000003,1004.96783,5.662130233196387,1004.9670407916792,0,0
51.74,9.041003,-1.1186396,3.448833,1004.97327,5.662022734763683,1004.9671416986514,0,0
51.76000000000001,9.12229,-1.1424731,3.3020690000000004,1004.9932,5.661848071481353,1004.9673246699367,0,0
51.78,9.084083,-1.2711709,3.5103858,1004.9781,5.661724413721787,1004.9675251345527,0,0
51.8,9.103232,-1.34267,3.6003425000000004,1004.9756,5.661770204226862,1004.9677313346033,0,0
51.82,9.15106,-1.2568728,3.3730936,1004.98535,5.661867014045388,1004.967976960163,0,0
51.84,9.017259,-1.3903370000000002,3.3778312000000006,1004.99835,5.661791212706566,1004.9683033378512,0,0
51.86000000000001,8.983833,-1.4856691,3.4204437999999993,1004.99097,5.66155912301069,1004.9686733251599,0,0
51.88,9.031662,-1.4713703000000002,3.2452736,1004.9829,5.6611525310308135,1004.9690514619756,0,0
51.90000000000001,8.993453,-1.4141722,3.2168698,1004.9302,5.6604818748235095,1004.9692457184027,0,0
51.92,9.213357,-1.2711762,3.136388,1004.96295,5.659912123446518,1004.9693946987958,0,0
51.94000000000001,9.103451,-1.2997763,3.3636422,1004.9703,5.659384561094914,1004.9695295969552,0,0
51.96,9.1178255,-1.1949128999999998,3.5198808,1004.9655,5.65901003624375,1004.9696342864197,0,0
51.98,9.175214,-1.0662167,3.4725394,1004.9881,5.658817183539015,1004.9697932665996,0,0
52.0,9.087323,-0.9803733,3.240384,1004.9808,5.658430821542763,1004.9699733657268,0,0
52.02,9.507903,-0.59904766,2.9610503,1004.9703,5.658454466161563,1004.9701336771986,0,0
52.040000000000006,9.101582,-1.1900997,4.0783663,1004.97327,5.6589816329551885,1004.9702866191775,0,0
52.06,9.31663,-1.0566351,3.9457989,1004.9808,5.660218824553173,1004.9704596068808,0,0
52.08000000000001,9.177969,-1.1042994,4.1541085,1004.9607,5.661999701835461,1004.9705773242308,0,0
52.1,9.416921,-0.93746907,4.343481,1004.97076,5.6648323523801745,1004.9706819969141,0,0
52.12000000000001,8.766821,-1.0613984,4.0452094,1004.98083,5.667130519466403,1004.970811018508,0,0
52.14,8.365279,-1.0280315999999998,4.1683006,1004.9607,5.6683025117826,1004.9708886223218,0,0
52.16,8.551646,-0.90886647,4.068873399999998,1004.9932,5.6687062601633125,1004.9710375140112,0,0
52.18,8.456007000000001,-0.7086701,3.9363062000000006,1004.97546,5.6680979778027725,1004.9711849956576,0,0
52.2,8.87181,-1.0232618,3.6806448,1004.96783,5.667231948235737,1004.9713032324561,0,0
52.22000000000001,8.795293,-0.7515672,4.466552,1004.9605,5.666626974243168,1004.9713688148545,0,0
52.24,8.599274000000001,-0.92316216,4.386063,1004.9783,5.6658479855616655,1004.971451715728,0,0
52.26000000000001,8.642252000000001,-0.95176035,4.5612330000000005,1004.96533,5.665169592809288,1004.9715029287632,0,0
52.28,8.766484,-0.85166174,4.3008365999999985,1004.9783,5.664548052184289,1004.9715726500576,0,0
52.3,8.823801,-0.7229637,4.1161910000000015,1004.958,5.663899458325466,1004.9715853942532,0,0
52.32,8.795079,-0.7896944,4.3576417,1004.97327,5.663403209060084,1004.9716027196048,0,0
52.34,8.694657000000001,-0.9660559,4.310293,1004.98584,5.662846416511266,1004.9716692824952,0,0
52.36000000000001,8.747192,-0.9040896,4.2629457,1004.9783,5.6622801276579136,1004.9717519680479,0,0
52.38,8.871428,-0.727726,4.5754123,1004.98584,5.662197422726513,1004.9718757459177,0,0
52.40000000000001,8.627616,-0.8802548000000001,4.267672,1004.94293,5.661829985550822,1004.9718809113581,0,0
52.42,9.033856,-0.7181909000000001,4.8500004,1004.9632,5.6624863220202375,1004.9718542242599,0,0
52.44000000000001,8.574952,-0.7849216,4.7979174,1004.97076,5.663169276224028,1004.9718267043328,0,0
52.46,8.393275,-0.66099,4.499646,1004.9657,5.663226822093657,1004.9717803315898,0,0
52.48,8.460151,-0.9708151,4.6132684,1004.9859,5.663019910769951,1004.9717901874402,0,0
52.5,8.818593,-0.57042336,4.6179986,1004.9636,5.663174341804035,1004.9717694113948,0,0
52.52,8.455287,-0.9469804,4.314993,1004.9633,5.66275147473032,1004.9717205638001,0,0
52.540000000000006,8.608198,-1.0518435,4.7931643,1004.9937,5.662586721601273,1004.9717565280356,0,0
52.56,8.866263,-0.74678284,4.722144,1004.9808,5.66299233792735,1004.9718208625334,0,0
52.58000000000001,8.64157,-0.74201524,4.480685,1004.9808,5.663254671907941,1004.9719100333904,0,0
52.6,8.655871000000001,-0.7801467,4.5090885,1004.9586,5.663449063426597,1004.9719409086397,0,0
52.62000000000001,8.684507,-0.8707101999999999,4.7742105000000015,1004.9787,5.66390989984103,1004.9719925227383,0,0
52.64,8.689241,-0.60378206,4.518549,1004.9862,5.664321874173013,1004.9720892758743,0,0
52.66,8.622283,-0.69911206,4.5564203,1004.9682,5.664615848367316,1004.9721607655522,0,0
52.68,8.584,-0.7706094,4.7694645,1004.9636,5.664956269147524,1004.9721931150757,0,0
52.7,8.689116,-0.579946,4.565881299999999,1004.9862,5.665300354661367,1004.9722721239,0,0
52.72000000000001,8.741649,-0.71340847,4.887817,1004.9812,5.666078559810631,1004.9723740764513,0,0
52.74,8.808523,-0.48461282,4.7173743,1004.9636,5.667161070029956,1004.9724325750503,0,0
52.76000000000001,8.359183999999999,-0.6943404000000001,5.2476244,1004.9661,5.668280550306523,1004.9724614671424,0,0
52.78,8.502538000000001,-0.5561092,4.679492,1005.0013,5.669068868894111,1004.9725908149131,0,0
52.8,8.354316,-0.6180732,5.105584,1004.9865,5.669747275698825,1004.9727551796697,0,0
52.82,8.382952000000001,-0.5561069000000001,5.0961113,1004.9636,5.670358923108848,1004.9728674537216,0,0
52.84,8.220397,-0.54657286,4.7694335,1004.95605,5.670272022878753,1004.9729061162407,0,0
52.86000000000001,8.454566999999999,-0.29871094,4.8357115,1004.9716,5.670035582237049,1004.972935576424,0,0
52.88,8.110375,-0.57993656,4.797832499999998,1004.9865,5.669037420014853,1004.9730104393668,0,0
52.90000000000001,8.454481,-0.3368413,5.06769,1004.94104,5.668246182166473,1004.9729614946815,0,0
52.92,8.277588,-0.45123762,4.901982,1004.9616,5.667158513439945,1004.9728773457766,0,0
52.94000000000001,8.110249000000001,-0.47983587,4.9445868,1004.9965,5.665563505648708,1004.9728880333597,0,0
52.96,8.800654,-0.13192903,5.072609,1004.98145,5.664872701349914,1004.9729282999876,0,0
52.98,8.542547,-0.24155994,4.840624,1004.95905,5.664282712066598,1004.9729139177,0,0
53.0,8.399155,-0.30829173,5.101016,1004.9639,5.663804666925008,1004.9728687594072,0,0
53.02,8.523432000000001,-0.30829173,5.1341577,1004.97644,5.663683803630115,1004.9728417140058,0,0
53.040000000000006,8.308342,-0.40362298,4.9968596,1004.97675,5.663356323608345,1004.9728318865184,0,0
53.06,8.523436,-0.37502366,4.9589844,1004.9616,5.663189522654518,1004.9727827681596,0,0
53.08000000000001,8.528217,-0.4417556,5.0536733,1004.98444,5.663279151824133,1004.972781333212,0,0
53.1,8.50432,-0.4941877000000001,5.0773454000000005,1004.97943,5.6635826644779925,1004.9728040004927,0,0
53.12000000000001,8.489983,-0.42268932,5.238315,1004.987,5.664215195750133,1004.9728751349004,0,0
53.14,8.289232,-0.47512156,4.674921,1004.9719,5.664187506311588,1004.9729344787773,0,0
53.16,8.327473,-0.6848501,5.224112,1004.97955,5.664253736914822,1004.9730107309033,0,0
53.18,8.327475,-0.6181184000000001,4.812219,1004.9544,5.66395264678667,1004.9730111086508,0,0
53.2,8.403953999999999,-0.51325417,4.8169537,1004.9747,5.6634577577904865,1004.973017522437,0,0
53.22000000000001,8.475653,-0.50848764,4.6370463,1004.9594,5.662740257890798,1004.9729741665776,0,0
53.24,8.647728,-0.52278745,5.09155,1004.98785,5.662606656118423,1004.9729894103407,0,0
53.26000000000001,8.279684,-0.71344966,4.987393,1004.99036,5.662247815725332,1004.9730654138527,0,0
53.28,8.585594,-0.5323207,5.09155,1004.99786,5.662322912203053,1004.973221831066,0,0
53.3,8.910623,-0.47988856,5.3803487,1004.9774,5.66366259267395,1004.973375082724,0,0
53.32,8.53302,-0.64195144,4.7412043,1005.018,5.664790356739631,1004.9736711455909,0,0
53.34,8.80547,-0.37979096,4.8264236,1004.98755,5.666279283134947,1004.973982710616,0,0
53.36000000000001,8.85805,-0.7134499,4.5944379999999985,1004.9502,5.667989518397019,1004.974172391714,0,0
53.38,7.844733,-1.013743,4.3293114,1004.9302,5.667837881884558,1004.974181693322,0,0
53.40000000000001,8.872394,-0.60381925,5.5318510000000005,1004.958,5.669067561914577,1004.9741316581267,0,0
53.42,8.542589,-0.53708744,4.3719215,1004.94293,5.6697222731539405,1004.9739751210593,0,0
53.44000000000001,8.676426,-0.59428626,4.760143299999998,1004.95276,5.670496173780682,1004.9737604304704,0,0
53.46,8.437169,-0.7944751,4.9447603,1004.95807,5.6711592519352125,1004.9735142443162,0,0
53.48,8.41804,-0.8230742,4.802727,1004.9681,5.671545363681897,1004.9732772229512,0,0
53.5,8.4753895,-0.75157565,4.5376,1004.98566,5.6715115094138255,1004.9731123688699,0,0
53.52,8.690472,-0.65147763,4.883211,1004.9811,5.67182739441029,1004.9729954592764,0,0
53.540000000000006,8.441913000000001,-0.8326065999999999,4.859538,1004.9812,5.672007398055378,1004.9729216943056,0,0
53.56,8.470582,-0.8659722,4.892678,1004.9483,5.672158404138045,1004.9727678774783,0,0
53.58000000000001,8.542272,-0.72297543,4.485518,1004.9433,5.671981962331687,1004.9725258805706,0,0
53.6,8.570942,-0.85167223,5.0347085,1004.9686,5.672143119331548,1004.9722979189328,0,0
53.62000000000001,8.570933,-0.6753094000000001,4.9021444,1004.9812,5.6724360519533965,1004.9721285395217,0,0
53.64,8.551805,-0.956536,4.6796265,1004.9585,5.672633195286509,1004.9719298131315,0,0
53.66,8.470539,-0.9517692,4.68436,1004.9686,5.672601455563345,1004.9717422311659,0,0
53.68,8.537448,-0.9041036,4.5328584,1004.9893,5.67233048955363,1004.9716396917092,0,0
53.7,8.580458,-0.98513466,4.717499299999999,1004.9561,5.672125259372478,1004.9714931449547,0,0
53.72000000000001,8.714283,-0.7372736,4.78378,1004.9661,5.672242973553348,1004.9713442409208,0,0
53.74,8.685595,-0.70390743,5.015765,1004.9688,5.672824794272529,1004.9712035100492,0,0
53.76000000000001,8.609110000000001,-0.5942764,4.6464805999999985,1004.9763,5.673287730524754,1004.9710975076148,0,0
53.78,8.65212,-0.48464543,4.868997,1004.9792,5.673932595595264,1004.9710330128363,0,0
53.8,8.513497000000001,-0.6276419,4.9400125,1004.9717,5.6745759456248726,1004.9709784264037,0,0
53.82,8.374873,-0.59427583,4.9684176,1004.9618,5.6749931138001495,1004.9708971514967,0,0
53.84,8.432222,-0.5847425,5.134121,1004.97687,5.675486822634577,1004.9708468392438,0,0
53.86000000000001,8.384416,-0.54184324,4.98262,1004.97174,5.675794218384907,1004.9708055987156,0,0
53.88,8.432205,-0.41314602,5.2146044,1004.9671,5.676257431354822,1004.9707558184296,0,0
53.90000000000001,8.111949000000001,-0.68483955,5.034696,1004.94653,5.676126978439767,1004.9706246196226,0,0
53.92,8.331813,-0.51324326,5.47973,1004.94653,5.676332099852357,1004.970421951726,0,0
53.94000000000001,8.207528,-0.43221158,5.224071,1004.98456,5.676319946735938,1004.9702937713464,0,0
53.96,8.297675,-0.40836245,4.9494143,1004.98236,5.6759738158254,1004.9702239495862,0,0
53.98,8.06821,-0.47985983,5.484399,1004.9998,5.6755359272155,1004.9702687288603,0,0
54.0,8.369301,-0.23676457,5.4512544,1004.9674,5.675482707421205,1004.9702979684033,0,0
54.02,7.9629816999999985,-0.31779522,4.5753865,1004.9448,5.67410365896779,1004.9702320117767,0,0
